Risk analysis/3D Model Exports/3d model exports/V3 - faulted anticlinal trap - 2 res (thick + thin)/ModelV3Export_isopachs_NonReservoirDeep.asc
ncols 50
nrows 50
xllcenter 20
yllcenter 20
cellsize 40
nodata_value -9999
1308.71 1278.78 1247.76 1215.96 1183.77 1151.53 1119.59 1088.29 1057.94 1028.79 1001.05 974.865 950.3 927.396 906.139 886.453 868.194 851.146 835.05 819.671 804.928 791.011 778.342 767.278 757.594 747.786 737.679 728.834 721.747 716.331 712.349 709.548 707.715 706.699 706.412 706.829 707.978 709.934 712.803 716.715 721.812 728.238 736.129 745.607 756.77 769.686 784.393 800.868 819.073 838.921
1335.69 1304.14 1271.27 1237.41 1202.97 1168.38 1134.02 1100.29 1067.55 1036.1 1006.18 977.965 951.522 926.889 904.045 882.888 863.224 844.748 827.05 809.705 792.475 775.539 759.438 744.661 731.192 718.727 707.908 699.112 692.201 686.904 682.939 680.053 678.05 676.791 676.206 676.285 677.073 678.661 681.174 684.762 689.589 695.822 703.62 713.13 724.472 737.732 752.959 770.157 789.262 810.185
1365.55 1332.62 1298.08 1262.31 1225.72 1188.8 1152.03 1115.83 1080.63 1046.81 1014.63 984.317 955.962 929.593 905.19 882.64 861.71 842.012 822.972 803.89 784.245 764.141 744.296 725.418 708.106 693.73 682.686 673.992 667.132 661.754 657.575 654.36 651.932 650.175 649.036 648.522 648.695 649.664 651.574 654.595 658.913 664.72 672.201 681.529 692.849 706.272 721.865 739.639 759.554 781.492
1398.14 1364.14 1328.23 1290.78 1252.24 1213.11 1173.97 1135.31 1097.62 1061.35 1026.84 994.344 964.022 935.881 909.914 886.008 863.916 843.196 823.137 802.725 780.983 757.929 734.737 712.673 693.044 677.178 665.008 655.562 648.116 642.19 637.439 633.603 630.497 628.004 626.077 624.73 624.037 624.119 625.138 627.283 630.763 635.798 642.604 651.389 662.341 675.615 691.325 709.52 730.111 752.981
1433.08 1398.36 1361.44 1322.67 1282.48 1241.4 1200.03 1159 1118.85 1080.1 1043.18 1008.4 975.996 945.982 918.356 893.015 869.709 847.972 828.061 806.901 783.705 758.361 732.611 708.283 686.899 669.479 655.763 644.998 636.432 629.499 623.784 618.986 614.897 611.389 608.414 605.991 604.199 603.172 603.081 604.134 606.557 610.591 616.475 624.441 634.699 647.428 662.767 680.797 701.535 724.929
1467.85 1432.72 1395.16 1355.48 1314.08 1271.48 1228.29 1185.17 1142.79 1101.71 1062.45 1025.41 990.875 958.95 929.581 902.745 878.157 855.322 838.634 816.923 793.05 766.391 738.85 712.575 689.405 670.114 654.581 642.097 631.977 623.617 616.552 610.441 605.05 600.238 595.995 592.207 589.084 586.723 585.311 585.068 586.24 589.086 593.891 600.844 610.251 622.287 637.115 654.835 675.478 698.996
1500.83 1465.63 1427.83 1387.7 1345.58 1301.98 1257.48 1212.76 1168.55 1125.48 1084.13 1045.01 1008.45 974.629 943.596 915.245 889.269 865.208 842.169 833.203 809.187 782.373 753.794 725.856 700.619 679.099 661.309 646.731 634.63 624.428 615.623 607.839 600.818 594.407 588.53 583.201 578.504 574.586 571.64 569.9 569.63 571.109 574.624 580.453 588.859 600.07 614.27 631.575 652.032 675.599
1531.64 1496.62 1458.9 1418.69 1376.32 1332.22 1286.96 1241.19 1195.67 1151.03 1107.98 1067.05 1028.67 993.144 960.413 930.477 903.108 877.714 853.434 857.132 833.375 807.086 778.367 748.904 721.286 696.986 676.37 659.075 644.496 631.947 620.946 611.08 602.06 593.715 585.951 578.77 572.253 566.546 561.85 558.41 556.506 556.438 558.518 563.05 570.323 580.591 594.069 610.867 631.073 654.632
1560.03 1525.38 1487.97 1447.99 1405.7 1361.56 1316.03 1269.76 1223.44 1177.8 1133.51 1091.18 1051.25 1014.13 979.841 948.423 919.599 892.808 867.216 879.853 866.952 841.708 813.479 783.053 752.791 724.952 700.604 679.743 661.853 646.33 632.542 620.091 608.642 598.009 588.012 578.694 570.099 562.366 555.699 550.349 546.614 544.816 545.292 548.377 554.388 563.606 576.259 592.516 612.416 635.945
1585.91 1551.75 1514.8 1475.23 1433.31 1389.42 1344.04 1297.74 1251.18 1205.04 1160 1116.72 1075.64 1037.23 1001.58 968.702 938.424 910.201 883.222 880.158 910.814 886.912 860.079 829.543 796.759 764.58 735.251 709.538 687.23 667.734 650.448 634.783 620.396 607.011 594.473 582.721 571.784 561.785 552.92 545.448 539.679 535.962 534.662 536.149 540.77 548.837 560.604 576.246 595.845 619.345
1609.29 1575.67 1539.27 1500.23 1458.83 1415.42 1370.46 1324.5 1278.12 1231.97 1186.68 1142.88 1101.06 1061.63 1024.86 990.696 959.011 929.327 900.882 880.419 920.041 941.022 915.903 886.701 852.871 816.479 781.132 749.095 720.937 696.297 674.507 654.948 637.051 620.493 605.029 590.543 577.008 564.51 553.228 543.42 535.412 529.579 526.324 526.055 529.158 535.98 546.8 561.812 581.099 604.607
1630.27 1597.22 1561.39 1522.94 1482.13 1439.31 1394.94 1349.53 1303.63 1257.83 1212.71 1168.81 1126.63 1086.56 1048.87 1013.59 980.563 949.422 919.442 889.731 920.078 959.854 974.187 946.508 913.92 876.284 836.163 797.51 762.374 731.493 704.291 680.05 658.127 637.972 619.261 601.77 585.415 570.213 556.313 543.966 533.513 525.363 519.964 517.774 519.229 524.713 534.537 548.911 567.92 591.5
1648.99 1616.49 1581.25 1543.39 1503.19 1461 1417.28 1372.53 1327.29 1282.07 1237.38 1193.71 1151.5 1111.08 1072.72 1036.49 1002.25 969.664 938.109 906.772 920.243 960.145 999.719 1000.74 969.49 933.251 892.456 849.778 808.782 771.583 738.544 709.182 682.825 658.771 636.58 615.91 596.589 578.518 561.841 546.777 533.682 523.008 515.265 510.979 510.646 514.702 523.492 537.24 556.029 579.775
1665.6 1633.65 1598.97 1561.68 1522.06 1480.49 1437.42 1393.37 1348.84 1304.31 1260.23 1216.99 1174.97 1134.44 1095.63 1058.62 1023.28 989.313 956.188 923.178 920.354 960.048 999.983 1039.55 1016.18 981.311 941.946 899.042 855.211 813.343 775.164 740.85 709.982 681.965 656.23 632.33 609.963 588.995 569.451 551.536 535.621 522.216 511.916 505.34 503.072 505.611 513.339 526.498 545.157 569.182
1680.29 1648.86 1614.7 1577.94 1538.86 1497.85 1455.38 1411.99 1368.17 1324.36 1280.96 1238.28 1196.59 1156.12 1117.03 1079.38 1043.06 1007.81 973.169 938.5 920.429 960.149 1000.14 1039.8 1055.2 1020.91 982.93 941.207 897.149 853.145 811.375 773.032 738.174 706.438 677.309 650.29 624.99 601.165 578.759 557.925 539.046 522.705 509.617 500.538 496.171 497.1 503.756 516.389 535.045 559.531
1693.23 1662.28 1628.6 1592.32 1553.71 1513.19 1471.25 1428.44 1385.28 1342.18 1299.46 1257.38 1216.09 1175.79 1136.55 1098.39 1061.22 1024.8 988.739 952.476 920.482 960.222 1000.24 1039.96 2159.11 1054.01 1016.77 976.292 932.991 888.583 845.075 803.964 765.956 731.026 698.853 668.989 640.989 614.506 589.378 565.639 543.701 524.223 508.092 496.261 489.609 488.836 494.427 506.634 525.461 550.627
1704.56 1674.07 1640.83 1604.95 1566.76 1526.61 1485.13 1442.82 1400.23 1357.77 1315.73 1274.25 1233.43 1193.35 1154.04 1115.48 1077.59 1040.12 1002.75 964.998 926.377 960.276 1000.05 1040.06 1079.72 1082 1045.27 1005.49 963.065 918.979 874.915 832.33 792.162 754.688 719.952 687.625 657.277 628.464 600.856 574.384 549.365 526.562 507.096 492.217 483.063 480.493 485.052 496.981 516.21 542.33
1714.42 1684.36 1651.52 1616.02 1578.13 1538.31 1497.14 1455.22 1413.12 1371.23 1329.78 1288.92 1248.58 1208.77 1169.46 1130.6 1092.09 1053.71 1015.16 976.051 935.973 960.316 1000.11 1040.14 1079.84 1105.8 1069.34 1030.09 988.228 944.572 900.538 857.363 815.887 776.631 739.843 705.471 673.187 642.475 612.812 583.889 555.865 529.568 506.424 488.133 476.218 471.759 475.359 487.217 507.151 534.563
1722.92 1693.26 1660.78 1625.58 1587.94 1548.33 1507.39 1465.75 1424.04 1382.64 1341.78 1301.46 1261.61 1222.1 1182.85 1143.76 1104.74 1065.57 1026 985.671 944.256 960.347 1000.14 1040.19 1079.92 2239.08 1089.79 1050.84 1009.19 965.862 922.029 878.807 836.763 796.339 757.957 721.922 688.106 655.984 624.8 593.886 563.081 533.152 505.92 483.756 468.775 462.347 465.119 477.194 498.216 527.322
1730.15 1700.86 1668.69 1633.74 1596.28 1556.8 1515.98 1474.53 1433.09 1392.1 1351.75 1311.99 1272.61 1233.42 1194.26 1155.02 1115.58 1075.75 1035.3 993.904 951.296 960.37 1000.17 1040.23 1079.99 2239.28 1107.04 1068.36 1026.75 983.315 939.619 896.65 854.568 813.487 773.914 736.503 701.494 668.45 636.376 604.112 570.925 537.302 505.473 478.859 460.466 452.035 454.194 466.868 489.443 520.693
1736.15 1707.2 1675.31 1640.56 1603.21 1563.78 1523 1481.63 1440.37 1399.72 1359.82 1320.57 1281.66 1242.79 1203.77 1164.42 1124.66 1084.28 1043.07 1000.79 957.147 960.387 1000.2 1040.01 1080.04 2239.42 1121.51 1083.04 1041.17 997.292 953.549 910.994 869.271 827.968 787.486 748.873 712.893 679.352 647.054 614.242 579.314 542.033 505.012 473.261 451.121 440.747 442.622 456.37 481.014 514.85
1740.96 1712.3 1680.66 1646.06 1608.77 1569.33 1528.52 1487.15 1445.99 1405.58 1366.08 1327.31 1288.85 1250.31 1211.4 1171.98 1131.97 1091.16 1049.37 1006.34 961.84 960.4 1000.21 1040.03 1080.07 2239.53 1133.3 1095.11 1052.78 1008 964.042 922.006 880.944 839.741 798.564 758.811 721.947 688.216 656.312 623.831 588.064 547.38 504.477 466.909 440.819 428.707 430.751 446.105 473.288 510.022
1744.56 1716.15 1684.71 1650.22 1612.96 1573.47 1532.59 1491.18 1450.05 1409.81 1370.63 1332.3 1294.25 1255.97 1217.17 1177.7 1137.51 1096.38 1054.14 1010.55 965.386 960.409 1000.23 1040.05 1080.1 1119.81 1142.43 1104.62 1061.71 1015.7 971.343 929.927 889.729 848.822 807.045 766.221 728.446 694.665 663.616 632.25 596.698 553.169 503.774 460.095 430.142 416.63 419.379 436.847 466.799 506.393
1746.95 1718.72 1687.42 1653 1615.74 1576.21 1535.25 1493.78 1452.65 1412.52 1373.58 1335.59 1297.87 1259.79 1221.06 1181.56 1141.24 1099.9 1057.36 1013.39 967.779 960.415 1000.24 1040.06 1080.11 1119.83 1148.77 1111.4 1067.95 1020.6 975.8 935.072 895.791 855.205 813.006 771.146 732.426 698.544 668.536 638.671 604.13 558.737 502.639 453.786 420.379 405.813 409.777 429.669 462.081 503.934
1748.08 1719.95 1688.73 1654.36 1617.1 1577.53 1536.54 1495.04 1453.9 1413.81 1375.01 1337.23 1299.72 1261.73 1223.02 1183.5 1143.13 1101.68 1059 1014.85 969.009 960.418 1000.24 1040.06 1080.12 1119.85 1152.13 1115.1 1071.33 1023.03 977.929 937.761 899.183 858.76 816.266 773.75 734.23 700.142 670.961 642.231 608.677 562.311 501.021 449.632 413.389 398.159 403.452 425.436 459.22 502.289
1747.94 1719.82 1688.61 1654.24 1616.99 1577.44 1536.46 1494.97 1453.84 1413.77 1374.98 1337.2 1299.71 1261.73 1223.03 1183.52 1143.15 1101.71 1059.04 1014.9 969.063 960.418 1000.24 1040.06 1080.12 1119.85 1152.33 1115.36 1071.67 1023.4 978.319 938.172 899.632 859.244 816.749 774.18 734.572 700.392 671.137 642.322 608.571 561.557 499.186 447.456 411.255 396.235 401.582 423.653 457.655 501.036
1746.53 1718.32 1687.04 1652.66 1615.43 1575.93 1535.01 1493.58 1452.49 1412.39 1373.49 1335.52 1297.83 1259.78 1221.07 1181.59 1141.3 1099.99 1057.48 1013.54 967.939 960.415 1000.24 1040.06 1080.11 1119.83 1149.37 1112.18 1068.93 1021.71 976.968 936.307 897.127 856.623 814.403 772.374 733.388 699.237 668.981 638.803 603.574 556.325 497.491 447.605 414.27 400.103 404.291 424.459 457.468 500.241
1743.87 1715.49 1684.08 1649.64 1612.43 1573.01 1532.19 1490.84 1449.78 1409.6 1370.47 1332.18 1294.18 1255.94 1217.19 1177.76 1137.61 1096.52 1054.33 1010.78 965.641 960.41 1000.23 1040.05 1080.1 1119.81 1143.41 1105.89 1063.29 1017.49 973.271 931.972 891.905 851.074 809.237 768.072 729.859 695.617 664.085 632.049 595.187 548.906 496.01 450.71 420.632 407.505 410.626 428.581 459.442 500.459
1739.98 1711.37 1679.79 1645.25 1608.04 1568.68 1527.96 1486.68 1445.61 1405.28 1365.85 1327.15 1288.76 1250.27 1211.42 1172.06 1132.11 1091.35 1049.62 1006.64 962.176 960.401 1000.22 1040.03 1080.07 2239.54 1134.68 1096.86 1054.91 1010.43 966.685 924.805 883.863 842.662 801.248 761.03 723.544 689.129 656.431 622.823 585.122 541.226 494.799 455.21 428.655 416.779 419.269 435.305 463.654 502.149
1734.89 1706 1674.19 1639.52 1602.27 1562.95 1522.28 1481.03 1439.88 1399.33 1359.53 1320.36 1281.54 1242.74 1203.79 1164.51 1124.82 1084.51 1043.37 1001.14 957.544 960.388 1000.2 1040.01 1080.04 2239.44 1123.28 1085.24 1043.82 1000.31 956.832 914.441 872.771 831.327 790.457 751.144 714.334 679.847 646.397 611.987 574.664 534.093 493.784 459.944 437.055 426.726 429.049 443.609 469.593 505.374
1728.6 1699.39 1667.32 1632.47 1595.13 1555.78 1515.1 1473.79 1432.48 1391.62 1351.39 1311.73 1272.45 1233.36 1194.28 1155.12 1115.77 1076.01 1035.63 994.296 951.73 960.371 1000.18 1040.24 1079.99 2239.29 1109.17 1070.98 1029.87 986.852 943.433 900.581 858.417 816.989 776.769 738.467 702.396 668.121 634.539 600.294 564.475 527.71 492.957 464.366 445.082 436.545 439.115 452.663 476.663 509.923
1721.08 1691.52 1659.15 1624.08 1586.58 1547.13 1506.35 1464.88 1423.32 1382.07 1341.35 1301.16 1261.42 1222.02 1182.86 1143.87 1104.93 1065.84 1026.34 986.075 944.7 960.349 1000.15 1040.2 1079.93 2239.1 1092.25 1053.84 1012.69 969.817 926.22 882.992 840.658 799.637 760.35 723.194 688.08 654.456 621.469 588.332 554.861 522.07 492.288 468.346 452.457 445.841 448.984 461.946 484.41 515.518
1712.28 1682.34 1649.63 1614.28 1576.56 1536.92 1495.93 1454.21 1412.29 1370.58 1329.29 1288.57 1248.36 1208.67 1169.47 1130.7 1092.27 1053.97 1015.5 976.445 936.4 960.318 1000.11 1040.14 1079.85 1108.05 1072.11 1033.41 992.085 948.809 904.887 861.494 819.455 779.313 741.383 705.676 671.88 639.447 607.789 576.565 545.988 517.144 491.811 471.963 459.201 454.534 458.482 471.216 492.572 521.939
1702.11 1671.77 1638.68 1602.98 1564.97 1525.04 1483.76 1441.67 1399.29 1357.03 1315.17 1273.85 1233.19 1193.24 1154.03 1115.58 1077.76 1040.37 1003.06 965.357 926.758 960.278 1000.06 1040.07 1079.73 1084.47 1048.27 1009.03 967.127 923.288 879.108 836.01 794.958 756.351 720.267 686.433 654.418 623.752 594.084 565.348 537.985 512.956 491.62 475.402 465.498 462.743 467.645 480.434 501.05 529.062
1690.47 1659.69 1626.19 1590.11 1551.71 1511.42 1469.72 1427.16 1384.24 1341.36 1298.85 1256.95 1215.82 1175.66 1136.54 1098.47 1061.38 1025.03 989.006 952.776 920.483 960.224 1000.24 1039.96 2159.14 1056.62 1019.92 979.991 937.049 892.638 848.684 806.715 767.571 731.299 697.643 666.171 636.429 608.059 580.889 555.043 531.003 509.598 491.875 478.904 471.611 470.699 476.643 489.698 509.873 536.864
1677.23 1645.97 1612.01 1575.48 1536.65 1495.9 1453.7 1410.56 1367.03 1323.48 1280.3 1237.82 1196.31 1155.98 1117 1079.44 1043.19 1007.99 973.377 938.725 920.43 960.151 1000.14 1039.81 1057.35 1023.56 986.116 944.814 900.85 856.471 813.898 774.409 738.235 705.066 674.405 645.756 618.721 593.08 568.737 545.969 525.233 507.23 492.789 482.745 477.845 478.692 485.721 499.194 519.162 545.41
1662.22 1630.47 1596.01 1558.98 1519.64 1478.36 1435.6 1391.85 1347.61 1303.36 1259.54 1216.52 1174.68 1134.3 1095.6 1058.66 1023.38 989.44 956.328 923.316 920.355 960.05 999.988 1039.57 1018.25 983.858 944.915 902.16 858.013 815.359 776.098 740.532 708.314 678.87 651.63 626.144 602.112 579.413 558.105 538.453 520.909 506.07 494.616 487.228 484.528 487.042 495.169 509.165 529.105 554.836
1645.28 1613.02 1578.03 1540.46 1500.56 1458.71 1415.32 1370.92 1326 1281.09 1236.68 1193.24 1151.22 1110.95 1072.69 1036.52 1002.32 969.742 938.179 906.821 920.244 960.148 999.726 1002.16 971.291 935.411 894.761 851.819 810.097 771.904 737.726 707.139 679.485 654.07 630.446 608.272 587.372 567.714 549.433 532.818 518.293 506.377 497.645 492.675 492.002 496.09 505.305 519.892 539.937 565.326
1626.25 1593.45 1557.92 1519.79 1479.32 1436.87 1392.87 1347.83 1302.29 1256.84 1212.01 1168.35 1126.38 1086.44 1048.85 1013.61 980.607 949.458 919.451 889.701 920.079 959.858 974.946 947.503 915.148 877.608 837.245 797.969 762.02 730.166 701.898 676.515 653.375 631.936 611.871 592.971 575.156 558.478 543.122 529.387 517.67 508.435 502.184 499.42 500.615 506.184 516.463 531.679 551.921 577.102
1604.94 1571.63 1535.55 1496.87 1455.85 1412.83 1368.3 1322.75 1276.77 1230.99 1186.01 1142.47 1100.85 1061.54 1024.86 990.727 959.041 929.332 900.844 880.418 920.041 941.255 916.221 887.114 853.299 816.718 780.923 748.234 719.277 693.73 670.943 650.3 631.25 613.467 596.755 580.902 566.003 552.14 539.529 528.47 519.335 512.547 508.554 507.804 510.719 517.675 528.977 544.837 565.338 590.417
1581.29 1547.45 1510.86 1471.69 1430.2 1386.75 1341.84 1295.99 1249.85 1204.09 1159.38 1116.36 1075.47 1037.18 1001.6 968.743 938.45 910.19 883.158 880.156 910.79 886.873 860.036 829.471 796.549 764.052 734.226 707.863 684.78 664.404 646.141 629.426 613.916 599.354 585.58 572.555 560.334 549.065 538.978 530.368 523.585 519.02 517.078 518.164 522.66 530.908 543.184 559.68 580.472 605.495
1555.14 1520.86 1483.85 1444.31 1402.5 1358.84 1313.81 1268.03 1222.16 1176.92 1132.96 1090.88 1051.13 1014.13 979.889 948.48 919.632 892.796 867.145 879.851 866.825 841.542 813.274 782.76 752.29 724.084 699.213 677.691 659.023 642.614 627.86 614.366 601.809 590.003 578.83 568.293 558.481 549.559 541.758 535.365 530.712 528.157 528.074 530.831 536.775 546.217 559.406 576.512 597.604 622.609
1526.52 1491.91 1454.64 1414.91 1373.07 1329.5 1284.78 1239.52 1194.48 1150.23 1107.5 1066.82 1028.6 993.177 960.49 930.555 903.157 877.714 853.376 857.036 833.231 806.911 778.151 748.586 720.733 696.042 674.888 656.924 641.556 628.127 616.159 605.255 595.149 585.668 576.74 568.387 560.713 553.887 548.136 543.736 540.997 540.254 541.849 546.12 553.382 563.916 577.944 595.623 616.983 641.977
1495.53 1460.79 1423.49 1383.89 1342.33 1299.3 1255.37 1211.17 1167.43 1124.75 1083.73 1044.83 1008.43 974.698 943.703 915.348 889.342 865.232 842.138 833.128 809.081 782.259 753.662 725.62 700.14 678.224 659.896 644.648 631.769 620.69 610.927 602.119 594.03 586.511 579.508 573.055 567.259 562.287 558.359 555.737 554.71 555.59 558.692 564.324 572.773 584.29 599.073 617.245 638.844 663.795
1462.43 1427.81 1390.8 1351.69 1310.89 1268.89 1226.27 1183.69 1141.76 1101.07 1062.11 1025.29 990.893 959.05 929.716 902.877 878.261 855.382 838.648 816.898 793.014 766.377 738.831 712.467 689.064 669.389 653.328 640.193 629.311 620.091 612.088 604.977 598.56 592.666 587.301 582.485 578.323 574.977 572.656 571.606 572.099 574.421 578.862 585.702 595.216 607.583 623.015 641.6 663.358 688.211
1427.62 1393.45 1357.12 1318.96 1279.39 1238.92 1198.14 1157.61 1117.91 1079.52 1042.88 1008.31 976.041 946.107 918.516 893.177 869.849 848.077 828.129 806.946 783.762 758.454 732.716 708.313 686.752 668.942 654.728 643.337 634.036 626.275 619.655 613.895 608.804 604.274 600.275 596.878 594.09 592.151 591.23 591.554 593.414 596.977 602.575 610.47 620.873 633.982 649.94 668.827 690.644 715.31
1392.77 1359.34 1324.04 1287.22 1249.3 1210.77 1172.18 1134.02 1096.75 1060.82 1026.57 994.275 964.084 936.024 910.096 886.198 864.094 843.35 823.267 802.848 781.122 758.11 734.94 712.829 693.03 676.844 664.211 654.176 646.035 639.326 633.72 628.975 624.926 621.474 618.591 616.312 614.728 613.982 614.254 615.756 618.72 623.386 629.993 638.768 649.913 663.596 679.933 698.975 720.613 744.676
1360.29 1327.96 1294.05 1258.9 1222.92 1186.58 1150.33 1114.6 1079.8 1046.3 1014.37 984.249 956.025 929.74 905.383 882.851 861.919 842.21 823.158 804.076 784.447 764.374 744.55 725.646 708.211 693.565 682.105 672.876 665.379 659.281 654.314 650.262 646.967 644.331 642.32 640.961 640.333 640.565 641.82 644.289 648.179 653.699 661.054 670.432 681.988 695.84 712.049 730.616 751.475 774.482
1330.56 1299.62 1267.36 1234.11 1200.26 1166.22 1132.37 1099.09 1066.72 1035.58 1005.9 977.877 951.569 927.026 904.237 883.108 863.453 844.975 827.273 809.928 792.708 775.784 759.685 744.878 731.306 718.642 707.479 698.223 690.752 684.814 680.142 676.505 673.724 671.68 670.321 669.654 669.741 670.692 672.648 675.776 680.258 686.277 694.006 703.602 715.192 728.866 744.664 762.576 782.522 804.38
1303.7 1274.37 1243.95 1212.75 1181.12 1149.41 1117.95 1087.07 1057.09 1028.24 1000.73 974.736 950.31 927.504 906.311 886.664 868.423 851.382 835.285 819.904 805.159 791.236 778.546 767.434 757.658 747.69 737.32 728.113 720.558 714.594 710.001 706.546 704.036 702.337 701.378 701.152 701.703 703.119 705.523 709.06 713.884 720.153 728.015 737.598 749.006 762.304 777.523 794.631 813.562 834.216
