Risk analysis/3D Model Exports/3d model exports/V3 - faulted anticlinal trap - 2 res (thick + thin)/ModelV3Export_interfaces_SecondaryReservoir.asc
ncols 50
nrows 50
xllcenter 20
yllcenter 20
cellsize 40
nodata_value -9999
-9999 -9999 -9999 -9999 -9999 -9999 -9999 -9999 -17.5375 -43.745 -70.423 -97.3355 -124.222 -150.807 -176.807 -201.95 -225.99 -248.716 -269.972 -289.672 -307.801 -324.416 -339.636 -353.627 -366.585 -378.712 -390.212 -401.235 -411.949 -422.45 -432.805 -443.04 -453.142 -463.061 -472.713 -481.987 -490.747 -498.842 -506.108 -512.379 -517.494 -521.301 -523.669 -524.489 -523.677 -521.185 -516.994 -511.117 -503.599 -494.512
-9999 -9999 -9999 -9999 -9999 -9999 -9999 -9999 -9999 -28.149 -55.8749 -83.934 -112.061 -139.968 -167.361 -193.965 -219.462 -243.671 -266.396 -287.528 -307.036 -324.965 -341.43 -356.6 -370.678 -383.891 -396.415 -408.47 -420.207 -431.742 -443.152 -454.467 -465.676 -476.726 -487.527 -497.955 -507.859 -517.067 -525.395 -532.653 -538.656 -543.233 -546.231 -547.528 -547.031 -544.685 -540.472 -534.412 -526.559 -517
-9999 -9999 -9999 -9999 -9999 -9999 -9999 -9999 -9999 -12.3165 -41.004 -70.1236 -99.406 -128.558 -157.271 -185.241 -212.18 -237.838 -262.013 -284.576 -305.477 -324.747 -342.492 -358.881 -374.121 -388.447 -402.055 -415.175 -427.972 -440.575 -453.071 -465.501 -477.855 -490.081 -502.082 -513.722 -524.836 -535.229 -544.695 -553.016 -559.983 -565.397 -569.086 -570.907 -570.756 -568.573 -564.34 -558.083 -549.87 -539.803
-9999 -9999 -9999 -9999 -9999 -9999 -9999 -9999 -9999 -9999 -26.2344 -56.3215 -86.6661 -116.969 -146.914 -176.181 -204.468 -231.506 -257.077 -281.032 -303.298 -323.901 -342.936 -360.567 -377.007 -392.48 -407.215 -421.431 -435.314 -449.009 -462.625 -476.181 -489.705 -503.136 -516.373 -529.271 -541.649 -553.292 -563.965 -573.425 -581.429 -587.751 -592.203 -594.593 -594.822 -592.82 -588.57 -582.105 -573.489 -562.874
-9999 -9999 -9999 -9999 -9999 -9999 -9999 -9999 -9999 -9999 -12.9265 -43.9131 -75.2482 -106.627 -137.724 -168.209 -197.765 -226.101 -252.987 -278.25 -301.802 -323.652 -343.883 -362.652 -380.172 -396.683 -412.429 -427.643 -442.527 -457.242 -471.908 -486.573 -501.262 -515.911 -530.404 -544.59 -558.272 -571.215 -583.158 -593.839 -602.94 -610.241 -615.497 -618.517 -619.164 -617.361 -613.089 -606.392 -597.369 -586.166
-9999 -9999 -9999 -9999 -9999 -9999 -9999 -9999 -9999 -9999 -1.24633 -33.0828 -65.356 -97.7557 -129.946 -161.593 -192.362 -221.948 -250.104 -276.642 -301.457 -324.54 -345.962 -365.872 -384.48 -402.026 -418.771 -434.934 -450.754 -466.398 -481.993 -497.617 -513.287 -528.964 -543.812 -559.429 -574.551 -588.912 -602.216 -614.157 -624.454 -632.806 -638.945 -642.647 -643.751 -642.167 -637.876 -630.931 -621.448 -609.599
-9999 -9999 -9999 -9999 -9999 -9999 -9999 -9999 -9999 -9999 -9999 -23.801 -56.964 -90.3327 -123.566 -156.318 -188.244 -219.029 -248.411 -276.189 -302.243 -326.546 -349.156 -370.214 -389.919 -408.514 -426.258 -443.392 -460.153 -476.728 -493.259 -509.835 -526.488 -543.185 -555.632 -572.712 -589.374 -605.299 -620.212 -633.747 -645.534 -655.208 -662.429 -666.907 -668.514 -667.174 -662.865 -655.65 -645.669 -633.125
-9999 -9999 -9999 -9999 -9999 -9999 -9999 -9999 -9999 -9999 -9999 -16.0087 -50.0167 -84.3063 -118.53 -152.331 -185.36 -217.293 -247.857 -276.839 -304.107 -329.619 -353.417 -375.629 -396.446 -416.105 -434.865 -452.98 -470.69 -488.196 -505.658 -523.181 -540.811 -558.529 -565.924 -584.395 -602.482 -619.943 -636.432 -651.569 -664.944 -676.144 -684.778 -690.503 -693.051 -692.241 -687.99 -680.483 -669.961 -656.663
-9999 -9999 -9999 -9999 -9999 -9999 -9999 -9999 -9999 -9999 -9999 -9.62313 -44.4334 -79.5967 -114.761 -149.556 -183.633 -216.66 -248.359 -278.509 -306.967 -333.676 -358.664 -382.041 -403.987 -424.73 -444.523 -463.629 -482.292 -500.734 -519.112 -537.568 -556.16 -560.029 -574.821 -594.554 -614 -632.9 -650.908 -667.619 -682.584 -695.337 -705.43 -712.46 -716.109 -716.157 -712.503 -705.159 -694.245 -680.13
-9999 -9999 -9999 -9999 -9999 -9999 -9999 -9999 -9999 -9999 -9999 -4.54088 -40.1126 -76.1034 -112.155 -147.89 -182.957 -217.023 -249.808 -281.088 -310.712 -338.609 -364.795 -389.346 -412.439 -434.288 -455.131 -475.236 -494.852 -514.209 -533.495 -552.858 -572.384 -561.544 -582.451 -603.322 -624.005 -644.241 -663.69 -681.929 -698.474 -712.802 -724.397 -732.785 -737.585 -738.53 -735.496 -728.495 -717.668 -703.258
-9999 -9999 -9999 -9999 -9999 -9999 -9999 -9999 -9999 -9999 -9999 -9999 -36.9367 -73.7087 -110.594 -147.212 -183.209 -218.257 -252.076 -284.446 -315.209 -344.283 -371.663 -397.411 -421.673 -444.643 -466.554 -487.663 -508.225 -528.479 -548.636 -568.866 -589.295 -567.097 -588.938 -610.81 -632.589 -654.042 -674.841 -694.552 -712.658 -728.58 -741.721 -751.526 -757.53 -759.41 -757.007 -750.336 -739.565 -724.982
-9999 -9999 -9999 -9999 -9999 -9999 -9999 -9999 -9999 -9999 -9999 -9999 -34.7763 -72.2831 -109.948 -147.389 -184.252 -220.217 -255.015 -288.435 -320.307 -350.548 -379.127 -406.086 -431.535 -455.646 -478.632 -500.74 -522.23 -543.34 -564.316 -585.35 -599.608 -571.768 -594.393 -617.115 -639.845 -662.386 -684.432 -705.55 -725.197 -742.733 -757.474 -768.761 -776.029 -778.88 -777.114 -770.747 -759.98 -745.162
-9999 -9999 -9999 -9999 -9999 -9999 -9999 -9999 -9999 -9999 -9999 -9999 -33.4952 -71.6892 -110.079 -148.278 -185.938 -222.752 -258.467 -292.882 -325.838 -357.235 -387.019 -415.202 -441.857 -467.118 -491.178 -514.265 -536.636 -558.551 -580.271 -602.022 -599.806 -575.662 -598.916 -622.33 -645.86 -669.354 -692.538 -714.995 -736.161 -755.338 -771.744 -784.593 -793.204 -797.058 -795.926 -789.819 -778.985 -763.845
-9999 -9999 -9999 -9999 -9999 -9999 -9999 -9999 -9999 -9999 -9999 -9999 -32.9538 -71.787 -110.843 -149.733 -188.118 -225.703 -262.266 -297.624 -331.63 -364.168 -395.16 -424.578 -452.451 -478.869 -503.987 -528.014 -551.204 -573.836 -596.197 -618.555 -599.94 -578.874 -602.598 -626.545 -650.721 -675.027 -699.235 -722.957 -745.622 -766.479 -784.632 -799.145 -809.168 -814.079 -813.567 -807.652 -796.65 -781.078
-9999 -9999 -9999 -9999 -9999 -9999 -9999 -9999 -9999 -9999 -9999 -9999 -33.0142 -72.4398 -112.1 -151.609 -190.632 -228.909 -266.245 -302.487 -337.502 -371.164 -403.366 -434.03 -463.128 -490.696 -516.842 -541.749 -565.667 -588.898 -611.769 -634.607 -599.785 -581.487 -605.524 -629.844 -654.511 -679.485 -704.597 -729.505 -753.652 -776.237 -796.25 -812.547 -824.096 -830.105 -830.185 -824.371 -813.068 -796.923
-9999 -9999 -9999 -9999 -9999 -9999 -9999 -9999 -9999 -9999 -9999 -9999 -33.5437 -73.509 -113.716 -153.767 -193.343 -232.216 -270.238 -307.298 -343.278 -378.044 -411.452 -443.368 -473.696 -502.398 -529.524 -555.223 -579.747 -603.431 -626.656 -639.576 -599.86 -583.582 -607.773 -632.311 -657.315 -682.811 -708.7 -734.706 -760.311 -784.684 -806.678 -824.938 -838.146 -845.305 -845.928 -840.086 -828.308 -811.418
-9999 -9999 -9999 -9999 -9999 -9999 -9999 -9999 -9999 -9999 -9999 -9999 -34.4146 -74.8734 -115.564 -156.079 -196.112 -235.478 -274.092 -311.892 -348.787 -384.632 -419.239 -452.41 -483.964 -513.778 -541.819 -568.202 -593.178 -617.138 -640.539 -639.663 -599.921 -585.229 -609.425 -634.032 -659.225 -685.094 -711.621 -738.621 -765.65 -791.895 -816.024 -836.448 -851.483 -859.846 -860.937 -854.888 -842.417 -824.578
-9999 -9999 -9999 -9999 -9999 -9999 -9999 -9999 -9999 -9999 -9999 -9999 -35.5129 -76.4191 -117.533 -158.431 -198.818 -238.566 -277.663 -316.119 -353.873 -390.764 -426.556 -460.978 -493.755 -524.653 -553.54 -580.468 -605.715 -629.747 -653.133 -639.73 -599.969 -586.494 -610.557 -635.098 -660.34 -686.433 -713.446 -741.313 -769.708 -797.859 -824.349 -847.202 -864.27 -873.893 -875.331 -868.833 -855.393 -836.374
-9999 -9999 -9999 -9999 -9999 -9999 -9999 -9999 -9999 -9999 -9999 -9999 -36.7345 -78.0434 -119.523 -160.724 -201.362 -241.366 -280.829 -319.854 -358.398 -396.294 -433.242 -468.901 -502.895 -534.854 -564.509 -591.835 -617.143 -641.023 -664.204 -9999 -600.007 -587.436 -611.248 -635.609 -660.773 -686.945 -714.282 -742.856 -772.518 -802.623 -831.689 -857.299 -876.66 -887.585 -889.182 -881.909 -867.166 -846.725
-9999 -9999 -9999 -9999 -9999 -9999 -9999 -9999 -9999 -9999 -9999 -9999 -37.9869 -79.6554 -121.449 -162.88 -203.663 -243.793 -283.492 -322.976 -362.255 -401.1 -439.155 -476.017 -511.219 -544.234 -574.588 -602.151 -627.288 -650.775 -673.54 -9999 -600.037 -588.108 -611.579 -635.67 -660.655 -686.773 -714.262 -743.35 -774.119 -806.17 -838.04 -866.81 -888.771 -901.009 -902.481 -894.003 -877.572 -855.49
-9999 -9999 -9999 -9999 -9999 -9999 -9999 -9999 -9999 -9999 -9999 -9999 -39.1884 -81.1742 -123.237 -164.837 -205.67 -245.789 -285.584 -325.434 -365.375 -405.095 -444.171 -482.166 -518.556 -552.638 -583.658 -611.295 -636.015 -658.862 -679.508 -9999 -600.059 -588.554 -611.63 -635.398 -660.131 -686.085 -713.563 -742.942 -774.583 -808.469 -843.348 -875.741 -900.656 -914.164 -915.096 -904.851 -886.342 -862.488
-9999 -9999 -9999 -9999 -9999 -9999 -9999 -9999 -9999 -9999 -9999 -9999 -40.2664 -82.529 -124.82 -166.548 -207.358 -247.333 -287.076 -327.203 -367.739 -408.233 -448.195 -487.196 -524.72 -559.915 -591.609 -619.164 -643.218 -665.202 -679.536 -9999 -600.076 -588.81 -611.48 -634.911 -659.361 -685.078 -712.408 -741.853 -774.052 -809.507 -847.494 -883.993 -912.207 -926.857 -926.663 -914.016 -893.111 -867.545
-9999 -9999 -9999 -9999 -9999 -9999 -9999 -9999 -9999 -9999 -9999 -9999 -41.1581 -83.6446 -126.127 -167.963 -208.723 -248.45 -287.985 -328.318 -369.386 -410.516 -451.172 -490.974 -529.498 -565.862 -598.306 -625.629 -648.804 -669.772 -679.555 -9999 -600.087 -588.907 -611.207 -634.331 -658.505 -683.962 -711.061 -740.385 -772.797 -809.352 -850.298 -891.279 -923.024 -938.596 -936.562 -920.861 -897.53 -870.612
-9999 -9999 -9999 -9999 -9999 -9999 -9999 -9999 -9999 -9999 -9999 -9999 -41.8109 -84.4567 -127.083 -169.016 -209.757 -249.202 -288.386 -328.889 -370.401 -411.981 -453.098 -493.426 -532.682 -570.188 -603.512 -630.437 -652.646 -672.651 -679.566 -9999 -600.094 -588.869 -610.881 -633.762 -657.711 -682.938 -709.8 -738.913 -771.258 -808.278 -851.563 -896.982 -932.148 -948.379 -943.823 -924.77 -899.525 -871.916
-9999 -9999 -9999 -9999 -9999 -9999 -9999 -9999 -9999 -9999 -9999 -9999 -42.1857 -84.9097 -127.61 -169.605 -210.376 -249.665 -288.446 -329.09 -370.874 -412.672 -454.004 -494.571 -534.174 -572.481 -606.684 -633.083 -654.564 -673.927 -679.57 -639.897 -600.096 -588.713 -610.554 -633.287 -657.094 -682.17 -708.864 -737.799 -769.976 -806.963 -851.287 -899.947 -937.812 -954.297 -947.342 -925.693 -899.678 -871.993
-9999 -9999 -9999 -9999 -9999 -9999 -9999 -9999 -9999 -9999 -9999 -9999 -42.2618 -84.9711 -127.656 -169.637 -210.393 -249.668 -288.436 -329.065 -370.833 -412.615 -453.931 -494.482 -534.067 -572.356 -606.544 -632.929 -654.388 -673.724 -679.569 -639.896 -600.094 -588.449 -610.256 -632.951 -656.717 -681.747 -708.393 -737.275 -769.39 -806.299 -850.519 -899.188 -937.025 -953.489 -946.55 -924.96 -899.004 -871.365
-9999 -9999 -9999 -9999 -9999 -9999 -9999 -9999 -9999 -9999 -9999 -9999 -42.0399 -84.6419 -127.223 -169.112 -209.809 -249.213 -288.356 -328.815 -370.28 -411.812 -452.879 -493.157 -532.361 -569.814 -603.091 -629.97 -652.114 -672.036 -679.562 -9999 -600.086 -588.077 -609.988 -632.755 -656.579 -681.67 -708.386 -737.335 -769.488 -806.267 -849.273 -894.608 -929.751 -945.965 -941.462 -922.555 -897.484 -870.02
-9999 -9999 -9999 -9999 -9999 -9999 -9999 -9999 -9999 -9999 -9999 -9999 -41.5428 -83.9566 -126.364 -168.126 -208.814 -248.472 -287.937 -328.197 -369.187 -410.238 -450.811 -490.53 -528.966 -565.242 -597.603 -624.839 -647.905 -668.733 -679.549 -9999 -600.075 -587.588 -609.721 -632.655 -656.62 -681.849 -708.7 -737.746 -769.83 -805.99 -846.522 -887.287 -918.992 -934.594 -932.669 -917.177 -894.106 -867.435
-9999 -9999 -9999 -9999 -9999 -9999 -9999 -9999 -9999 -9999 -9999 -9999 -40.8113 -82.9723 -125.159 -166.783 -207.492 -247.369 -287.014 -327.038 -367.468 -407.851 -447.699 -486.582 -523.984 -559.056 -590.627 -618.051 -641.948 -663.733 -679.527 -9999 -600.058 -586.966 -609.403 -632.571 -656.728 -682.125 -709.103 -738.153 -769.897 -804.832 -842.309 -878.489 -906.619 -921.335 -921.308 -908.923 -888.343 -863.104
-9999 -9999 -9999 -9999 -9999 -9999 -9999 -9999 -9999 -9999 -9999 -9999 -39.8995 -81.7554 -123.685 -165.152 -205.855 -245.846 -285.514 -325.233 -365.037 -404.616 -443.547 -481.392 -517.627 -551.551 -582.406 -609.865 -634.378 -656.97 -678.823 -9999 -600.036 -586.191 -608.97 -632.402 -656.762 -682.305 -709.331 -738.206 -769.282 -802.557 -836.866 -868.88 -893.67 -907.253 -908.39 -898.455 -880.31 -856.84
-9999 -9999 -9999 -9999 -9999 -9999 -9999 -9999 -9999 -9999 -9999 -9999 -38.8718 -80.3826 -122.014 -163.283 -203.906 -243.879 -283.421 -322.745 -361.86 -400.534 -438.415 -475.096 -510.111 -542.932 -573.082 -600.421 -625.301 -648.48 -670.87 -9999 -600.008 -585.24 -608.351 -632.036 -656.571 -682.192 -709.136 -737.625 -767.745 -799.128 -830.398 -858.761 -880.571 -892.875 -894.569 -886.419 -870.383 -848.72
-9999 -9999 -9999 -9999 -9999 -9999 -9999 -9999 -9999 -9999 -9999 -9999 -37.8021 -78.9259 -120.215 -161.225 -201.673 -241.492 -280.769 -319.601 -357.956 -395.654 -432.4 -467.849 -501.625 -533.356 -562.769 -589.828 -614.832 -638.356 -661.114 -9999 -599.973 -584.081 -607.473 -631.362 -656.004 -681.602 -708.313 -736.212 -765.166 -794.58 -823.031 -848.23 -867.424 -878.403 -880.222 -873.281 -858.941 -838.934
-9999 -9999 -9999 -9999 -9999 -9999 -9999 -9999 -9999 -9999 -9999 -9999 -36.7732 -77.4673 -118.363 -159.041 -199.21 -238.742 -277.624 -315.863 -353.398 -390.065 -425.627 -459.813 -492.343 -522.982 -551.591 -578.215 -603.116 -626.749 -649.667 -639.705 -599.93 -582.678 -606.265 -630.274 -654.928 -680.379 -706.701 -733.837 -761.487 -788.944 -814.82 -837.269 -854.164 -863.828 -865.474 -859.3 -846.257 -827.67
-9999 -9999 -9999 -9999 -9999 -9999 -9999 -9999 -9999 -9999 -9999 -9999 -35.8784 -76.0989 -116.544 -156.811 -196.596 -235.718 -274.087 -311.644 -348.293 -383.89 -418.242 -451.151 -482.434 -511.959 -539.692 -565.736 -590.332 -613.856 -636.754 -639.634 -599.877 -580.985 -604.653 -628.673 -653.222 -678.393 -704.177 -730.408 -756.674 -782.197 -805.762 -825.795 -840.654 -849.045 -850.326 -844.582 -832.489 -815.07
-9999 -9999 -9999 -9999 -9999 -9999 -9999 -9999 -9999 -9999 -9999 -9999 -35.2214 -74.9237 -114.858 -154.634 -193.933 -232.533 -270.284 -307.072 -342.782 -377.275 -410.405 -442.036 -472.069 -500.459 -527.25 -552.581 -576.695 -599.914 -622.607 -639.542 -599.812 -578.949 -602.565 -626.467 -650.78 -675.534 -700.644 -725.858 -750.695 -774.376 -795.818 -813.693 -826.727 -833.899 -834.689 -829.125 -817.701 -801.207
-9999 -9999 -9999 -9999 -9999 -9999 -9999 -9999 -9999 -9999 -9999 -9999 -34.9193 -74.0562 -113.418 -152.624 -191.344 -229.319 -266.356 -302.301 -337.02 -370.386 -402.289 -432.647 -461.429 -488.664 -514.452 -538.97 -562.454 -585.197 -607.515 -629.727 -599.983 -576.507 -599.928 -623.573 -647.509 -671.709 -696.018 -720.124 -743.508 -765.418 -784.888 -800.829 -812.202 -818.209 -818.43 -812.865 -801.882 -786.105
-9999 -9999 -9999 -9999 -9999 -9999 -9999 -9999 -9999 -9999 -9999 -9999 -35.0972 -73.6174 -112.349 -150.911 -188.965 -226.221 -262.459 -297.495 -331.181 -363.401 -394.073 -423.167 -450.704 -476.771 -501.513 -525.133 -547.872 -569.999 -591.791 -613.507 -599.88 -573.593 -596.667 -619.906 -643.322 -666.83 -690.222 -713.141 -735.057 -755.259 -772.896 -787.057 -796.905 -801.793 -801.394 -795.696 -784.981 -769.743
-9999 -9999 -9999 -9999 -9999 -9999 -9999 -9999 -9999 -9999 -9999 -9999 -35.8884 -73.7461 -111.787 -149.633 -186.936 -223.395 -258.759 -292.827 -325.441 -356.498 -385.943 -413.782 -440.086 -464.981 -488.65 -511.314 -533.222 -554.621 -575.763 -596.867 -599.734 -570.127 -592.705 -615.384 -638.134 -660.817 -683.181 -704.842 -725.273 -743.817 -759.725 -772.23 -780.649 -784.484 -783.432 -777.502 -766.908 -752.066
-9999 -9999 -9999 -9999 -9999 -9999 -9999 -9999 -9999 -9999 -9999 -9999 -37.4306 -74.5787 -111.872 -148.934 -185.416 -221.001 -255.423 -288.472 -319.979 -349.86 -378.082 -404.681 -429.763 -453.493 -476.076 -497.751 -518.763 -539.356 -559.751 -580.136 -599.518 -566.027 -587.954 -609.924 -631.861 -653.586 -674.815 -695.15 -714.08 -731.002 -745.259 -756.207 -763.281 -766.072 -764.359 -758.135 -747.58 -733.021
-9999 -9999 -9999 -9999 -9999 -9999 -9999 -9999 -9999 -9999 -9999 -3.93156 -39.8627 -76.2546 -112.746 -148.962 -184.554 -219.197 -252.617 -284.593 -314.971 -343.665 -370.669 -396.041 -419.922 -442.499 -463.996 -484.663 -504.745 -524.474 -544.049 -563.634 -583.336 -561.195 -582.324 -603.434 -624.415 -645.054 -665.045 -683.988 -701.397 -716.722 -729.39 -738.856 -744.655 -746.451 -744.07 -737.506 -726.906 -712.544
-9999 -9999 -9999 -9999 -9999 -9999 -9999 -9999 -9999 -9999 -9999 -8.12973 -43.3202 -78.9104 -114.546 -149.857 -184.496 -218.136 -250.499 -281.364 -310.581 -338.079 -363.872 -388.031 -410.73 -432.174 -452.594 -472.249 -491.381 -510.212 -528.917 -547.644 -566.47 -560.187 -575.711 -595.821 -615.704 -635.134 -653.79 -671.279 -687.145 -700.892 -712.021 -720.068 -724.648 -725.486 -722.44 -715.509 -704.815 -690.588
-9999 -9999 -9999 -9999 -9999 -9999 -9999 -9999 -9999 -9999 -9999 -13.5215 -47.9317 -82.6748 -117.402 -151.753 -185.38 -217.959 -249.214 -278.929 -306.961 -333.253 -357.83 -380.801 -402.339 -422.665 -442.027 -460.677 -478.852 -496.768 -514.569 -532.398 -550.306 -559.914 -568.001 -586.978 -605.631 -623.739 -640.971 -656.952 -671.257 -683.443 -693.075 -699.758 -703.17 -703.085 -699.388 -692.078 -681.264 -667.386
-9999 -9999 -9999 -9999 -9999 -9999 -9999 -9999 -9999 -9999 -9999 -20.2239 -53.8138 -87.6643 -121.433 -154.769 -187.329 -218.792 -248.893 -277.419 -304.242 -329.319 -352.691 -374.482 -394.878 -414.11 -432.43 -450.082 -467.302 -484.281 -501.173 -518.079 -535.042 -552.056 -559.068 -576.773 -594.107 -610.784 -626.52 -640.948 -653.682 -664.326 -672.502 -677.873 -680.168 -679.198 -674.896 -667.461 -657.08 -643.981
-9999 -9999 -9999 -9999 -9999 -9999 -9999 -9999 -9999 -9999 -9999 -28.3394 -61.0667 -93.9785 -126.74 -159.007 -190.444 -220.741 -249.641 -276.945 -302.536 -326.387 -348.556 -369.178 -388.449 -406.606 -423.902 -440.568 -456.836 -472.885 -488.851 -504.821 -520.825 -536.831 -548.778 -565.118 -581.01 -596.203 -610.378 -623.227 -634.39 -643.519 -650.284 -654.418 -655.805 -654.339 -649.992 -642.816 -632.94 -620.558
-9999 -9999 -9999 -9999 -9999 -9999 -9999 -9999 -9999 -9999 -6.54108 -37.9496 -69.7701 -101.696 -133.396 -164.542 -194.804 -223.884 -251.54 -277.587 -301.922 -324.537 -345.502 -364.964 -383.126 -400.224 -416.513 -432.202 -447.526 -462.645 -477.683 -492.711 -507.75 -522.76 -536.997 -551.892 -566.28 -579.912 -592.529 -603.805 -613.522 -621.373 -627.096 -630.475 -631.348 -629.619 -625.264 -618.327 -608.917 -597.196
-9999 -9999 -9999 -9999 -9999 -9999 -9999 -9999 -9999 -9999 -18.569 -49.1119 -79.9781 -110.866 -141.457 -171.424 -200.457 -228.271 -254.641 -279.396 -302.454 -323.821 -343.581 -361.887 -378.95 -395.003 -410.284 -425.019 -439.405 -453.597 -467.714 -481.793 -495.867 -509.865 -523.683 -537.178 -550.165 -562.425 -573.713 -583.767 -592.345 -599.145 -603.993 -606.69 -607.096 -605.13 -600.77 -594.06 -585.083 -573.959
-9999 -9999 -9999 -9999 -9999 -9999 -9999 -9999 -9999 -3.10115 -32.2273 -61.8547 -91.7142 -121.511 -150.933 -179.667 -207.416 -233.918 -258.958 -282.391 -304.148 -324.255 -342.806 -359.991 -375.933 -390.937 -405.197 -418.927 -432.306 -445.475 -458.529 -471.515 -484.431 -497.229 -509.814 -522.05 -533.764 -544.756 -554.805 -563.682 -571.155 -577.01 -581.052 -583.122 -583.103 -580.924 -576.564 -570.052 -561.464 -550.914
-9999 -9999 -9999 -9999 -9999 -9999 -9999 -9999 -9999 -19.1193 -47.3593 -76.0032 -104.785 -133.415 -161.591 -189.013 -215.4 -240.507 -264.137 -286.165 -306.542 -325.301 -342.548 -358.449 -373.207 -387.052 -400.184 -412.8 -425.088 -437.164 -449.111 -460.969 -472.728 -484.339 -495.711 -506.716 -517.196 -526.97 -535.842 -543.607 -550.065 -555.028 -558.327 -559.825 -559.419 -557.047 -552.689 -546.368 -538.145 -528.117
-9999 -9999 -9999 -9999 -9999 -9999 -9999 -9999 -8.62603 -35.3471 -62.6093 -90.1768 -117.787 -145.158 -171.998 -198.029 -222.971 -246.615 -268.781 -289.364 -308.334 -325.739 -341.692 -356.36 -369.943 -382.651 -394.695 -406.247 -417.471 -428.479 -439.343 -450.095 -460.722 -471.176 -481.37 -491.188 -500.487 -509.105 -516.867 -523.594 -529.109 -533.249 -535.867 -536.843 -536.086 -533.541 -529.189 -523.045 -515.161 -505.618
-9999 -9999 -9999 -9999 -9999 -9999 -9999 -9999 -25.5787 -51.3371 -77.5361 -103.942 -130.298 -156.332 -181.766 -206.336 -229.796 -251.945 -272.63 -291.769 -309.348 -325.426 -340.122 -353.6 -366.051 -377.676 -388.675 -399.19 -409.387 -419.36 -429.175 -438.855 -448.389 -457.728 -466.795 -475.484 -483.666 -491.197 -497.922 -503.685 -508.331 -511.716 -513.712 -514.213 -513.14 -510.441 -506.098 -500.121 -492.553 -483.461
