Risk analysis/3D Model Exports/3d model exports/V3 - faulted anticlinal trap - 2 res (thick + thin)/ModelV3Export_isopachs_Seal.asc
ncols 50
nrows 50
xllcenter 20
yllcenter 20
cellsize 40
nodata_value -9999
426.613 454.679 484.653 516.386 549.683 569.656 580.441 590.834 600.592 609.473 617.263 623.795 628.888 632.714 635.099 636.178 636.053 634.823 632.672 629.743 626.186 622.598 619.056 615.168 609.98 602.525 592.364 580.099 567.23 555.228 544.361 534.603 525.924 517.975 510.538 503.432 496.523 489.717 482.952 476.19 469.422 462.633 455.821 448.988 442.14 435.283 428.425 421.591 414.763 407.995
395.869 424.515 455.268 488.003 522.546 558.661 576.139 587.862 599.118 609.634 619.145 627.423 634.229 639.663 643.523 645.909 646.9 646.584 645.141 642.688 639.854 637.24 636.005 636.199 635.892 630.79 619.258 604.252 589.11 575.053 562.791 552.009 542.392 533.579 525.349 517.446 509.727 502.103 494.522 486.943 479.398 471.85 464.307 456.776 449.256 441.747 434.26 426.797 419.374 412.048
363.817 392.786 423.979 457.363 492.775 530.011 568.47 581.205 593.706 605.638 616.717 626.66 635.192 642.245 647.645 651.408 653.564 654.142 653.247 650.828 647.756 645.086 644.503 647.553 651.623 648.639 636.749 621.192 605.273 590.843 578.134 567.037 557.06 547.804 539.048 530.538 522.149 513.8 505.495 497.192 488.909 480.654 472.438 464.261 456.122 448.011 439.936 431.898 423.904 415.978
330.992 360.007 391.42 425.096 461.002 498.935 538.651 570.708 584.007 596.954 609.242 620.557 630.607 639.117 646.014 651.132 654.457 655.955 655.532 653.015 648.602 643.722 638.855 639.882 644.73 644.581 635.916 623.291 609.91 597.556 586.444 576.438 567.145 558.247 549.582 540.967 532.327 523.637 514.903 506.144 497.384 488.635 479.907 471.192 462.526 453.9 445.313 436.756 428.235 419.77
299.548 328.54 359.967 393.808 429.918 468.212 508.45 550.34 571.497 584.909 597.838 609.964 620.972 630.527 638.503 644.63 648.783 650.959 650.739 647.914 641.522 632.729 612.226 600.827 593.904 597.514 602.473 601.323 596.596 590.528 583.831 576.887 569.64 562.216 554.349 546.202 537.782 529.145 520.362 511.506 502.639 493.815 485.05 476.341 467.66 458.96 450.185 441.269 432.292 423.339
270.63 299.483 330.808 364.575 400.706 439.083 479.503 521.695 557.537 570.897 583.873 596.153 607.427 617.383 625.7 632.213 636.554 638.676 638.045 634.144 625.683 612.988 587.575 544.272 524.354 515.782 523.968 544.384 559.74 566.38 567.955 566.444 562.929 560.168 553.76 546.517 538.629 530.275 521.622 512.829 504.029 495.318 486.7 478.184 469.745 461.332 452.876 444.297 435.534 426.532
244.313 272.953 304.08 337.673 373.664 411.927 452.285 494.471 538.145 555.775 568.273 580.117 590.99 600.545 608.555 614.661 618.48 619.766 617.977 612.288 602.177 587.551 569.939 526.054 478.474 469.297 470.738 484.3 506.298 526.482 538.917 544.955 546.653 552.496 548.429 542.783 535.956 528.267 519.982 511.338 502.617 493.882 485.264 476.881 468.727 460.748 452.769 444.687 436.405 427.867
220.574 248.956 279.826 313.172 348.927 386.964 427.101 469.079 512.556 540.274 551.945 562.906 572.867 581.536 588.556 593.646 596.35 596.421 593.247 586.264 575.44 560.994 544.686 521.235 462.308 431.277 431.151 439.831 457.494 479.856 500.074 513.861 521.623 539.524 538.577 535.186 529.969 523.383 515.895 507.775 499.325 490.769 482.273 473.94 465.815 457.89 450.151 442.535 434.881 426.927
199.344 227.418 258 291.056 326.522 364.27 404.101 445.756 488.884 524.963 535.605 545.433 554.185 561.565 567.316 571.095 572.567 571.325 567.151 559.732 549.147 536.261 522.602 510.615 455.621 396.748 395.912 402.367 416.034 435.946 457.593 476.358 503.618 522.071 524.742 524.122 520.998 515.987 509.608 502.293 494.402 486.232 478.005 469.871 461.904 454.115 446.464 438.911 431.393 423.875
180.414 208.211 238.49 271.238 306.391 343.819 383.312 424.59 467.301 510.226 519.753 528.357 535.775 541.782 546.148 548.601 548.873 546.703 541.955 534.631 525.084 514.195 503.388 494.686 447.912 387.593 362.633 368.057 379.24 395.888 416.013 436.234 482.812 501.423 507.746 510.176 509.495 506.391 501.467 495.237 488.139 480.542 472.736 464.913 457.211 449.644 442.166 434.734 427.274 419.768
163.681 191.212 221.146 253.58 288.415 325.516 364.666 405.562 447.84 491.06 504.717 512.096 518.203 522.867 525.934 527.187 526.478 523.657 518.755 511.903 503.592 494.692 486.445 480.531 439.469 377.825 330.418 335.294 344.798 358.965 376.834 396.246 460.789 479.101 488.649 494.101 496.021 495.037 491.853 486.944 480.841 473.983 466.727 459.338 451.975 444.693 437.463 430.207 422.852 415.337
148.94 176.138 205.795 237.917 272.44 309.225 348.045 388.58 430.447 473.195 490.662 496.88 501.76 505.19 507.095 507.345 505.889 502.695 497.848 491.632 484.551 477.4 471.351 467.681 430.413 367.492 305.979 303.67 311.994 324.233 339.932 359.829 878.365 456.543 468.536 476.693 481.198 482.486 481.17 477.764 472.819 466.831 460.229 453.347 446.397 439.463 432.517 425.487 418.261 410.774
136.007 162.904 192.284 224.073 258.296 294.783 333.299 373.509 415.003 457.324 477.661 482.813 486.579 488.906 489.808 489.242 487.24 483.848 479.201 473.638 467.66 461.988 457.676 455.831 420.921 356.984 293.95 273.12 280.533 291.275 305.105 339.495 418.835 434.79 448.391 458.761 465.637 469.196 469.829 468.043 464.35 459.352 453.48 447.166 440.68 434.139 427.525 420.746 413.666 406.204
124.7 151.296 180.349 211.868 245.806 282.019 320.265 360.193 401.367 443.318 465.738 469.924 472.688 474.045 474.093 472.873 470.48 467.013 462.621 457.671 452.63 448.154 445.21 444.781 411.166 345.984 281.752 243.702 250.424 259.987 272.282 321.159 398.676 414.456 428.95 440.984 449.927 455.629 458.225 458.116 455.787 451.792 446.696 440.986 434.998 428.887 422.639 416.137 409.216 401.77
114.848 141.144 169.899 201.129 234.799 270.765 308.776 348.474 389.387 431.031 454.905 458.205 460.073 460.577 459.896 458.182 455.49 452.029 447.919 443.502 439.224 435.678 433.775 434.412 401.339 334.946 269.596 215.715 221.851 230.465 241.533 304.584 380.553 395.825 410.688 423.88 434.539 442.19 446.706 448.29 447.323 444.371 440.061 434.966 429.499 423.846 417.999 411.798 405.043 397.594
106.292 132.288 160.748 191.729 225.115 260.863 298.681 338.198 378.913 420.316 445.089 447.637 448.701 448.45 447.144 444.986 442.139 438.739 434.908 430.943 427.262 424.406 423.254 424.596 391.632 324.076 257.701 192.938 195.006 202.904 213.648 289.601 364.165 378.985 393.875 407.796 419.827 429.239 435.603 438.837 439.216 437.281 433.728 429.237 424.302 419.142 413.728 407.853 401.27 393.797
98.8943 124.59 152.756 183.436 216.612 252.172 289.836 329.227 369.808 411.037 436.334 438.199 438.541 437.612 435.762 433.268 430.311 427.013 423.468 419.853 416.616 414.236 413.583 415.44 764.47 313.574 246.283 180.792 170.181 177.555 200.649 276.344 349.626 363.979 378.646 392.945 406.023 417.002 425.134 429.991 431.672 430.684 427.817 423.89 419.494 414.87 409.932 404.414 398.001 390.482
92.5332 117.93 145.803 176.215 209.166 244.56 282.115 321.436 361.952 403.076 428.611 429.878 429.567 428.023 425.689 422.924 419.917 416.754 413.44 410.136 407.204 405.114 404.741 406.897 746.638 303.619 235.535 169.502 147.606 154.581 188.919 264.242 336.782 350.776 365.074 379.447 393.262 405.627 415.459 421.892 424.865 424.71 422.407 418.978 415.14 411.107 406.705 401.575 395.338 387.745
87.1111 112.213 139.795 169.943 202.678 237.931 275.418 314.725 355.253 396.332 421.917 422.669 421.768 419.662 416.885 413.897 410.895 407.898 404.819 401.733 398.985 397.024 396.75 399.02 730.091 294.371 225.623 159.25 127.477 134.195 178.386 253.506 325.603 339.269 353.214 367.378 381.612 395.18 406.705 414.785 418.941 419.462 417.538 414.516 411.268 407.924 404.13 399.412 393.355 385.662
82.5529 107.367 134.662 164.548 197.08 232.209 269.667 309.015 349.596 390.721 416.253 416.577 415.15 412.526 409.326 406.155 403.211 400.417 397.556 394.615 391.94 389.983 389.665 391.897 715.13 285.966 216.675 150.177 109.922 116.513 168.98 244.123 316.107 329.686 343.155 356.812 371.12 385.683 398.909 408.698 414.014 415.014 413.219 410.475 407.896 405.386 402.282 397.99 392.102 384.29
78.8068 103.348 130.364 159.991 192.322 227.35 264.815 304.253 344.956 386.178 411.622 411.612 409.725 406.581 403.007 399.682 396.852 394.307 391.646 388.769 386.071 384.032 383.579 385.661 702.05 278.51 208.789 142.385 95.0286 101.594 160.655 236.091 308.359 322.042 334.973 347.838 361.851 377.147 392.074 403.745 410.164 411.426 409.429 406.815 405.031 403.554 401.201 397.319 391.587 383.652
75.8425 100.134 126.889 156.266 188.402 223.344 260.847 300.415 341.28 382.647 408.015 407.778 405.511 401.898 397.933 394.474 391.814 389.582 387.098 384.188 381.383 379.219 378.57 380.482 691.179 272.135 202.039 135.941 82.8587 89.5074 153.297 229.431 302.456 316.414 328.704 340.559 353.932 369.642 386.201 399.819 407.415 408.742 406.179 403.516 402.689 402.479 400.891 397.34 391.771 383.724
73.6486 97.728 124.252 153.398 185.347 220.219 257.786 297.504 338.545 380.08 405.402 405.056 402.511 398.47 394.116 390.524 388.089 386.256 383.908 380.85 377.873 375.611 374.813 376.553 682.914 533.948 196.519 130.904 73.47 80.042 146.941 224.187 298.488 312.796 324.331 335.059 347.562 363.357 381.342 396.914 405.704 406.993 403.586 400.689 400.847 402.118 401.219 397.896 392.549 384.402
72.227 96.1487 122.494 151.449 183.229 218.046 255.692 295.552 336.746 378.428 403.726 403.377 400.681 396.276 391.565 387.838 385.641 384.303 382.015 378.696 375.531 373.209 372.333 374.01 677.671 526.493 192.661 127.383 66.9749 73.4213 141.781 220.455 296.419 311.003 321.677 331.353 342.986 358.628 377.662 394.921 404.833 406.147 401.813 398.732 399.414 402.187 401.847 398.752 393.737 385.446
71.5859 95.4203 121.664 150.501 182.161 216.943 254.656 294.603 335.884 377.648 402.903 402.598 399.881 395.227 390.277 386.45 384.412 383.576 381.214 377.635 374.347 372 371.104 372.812 675.604 522.576 190.379 125.585 64.7302 69.7915 138.455 218.351 295.873 310.334 320.383 329.379 340.432 355.871 375.441 393.744 404.446 405.963 400.913 397.995 398.396 402.485 402.601 399.678 394.958 386.429
71.7326 95.5607 121.798 150.628 182.28 217.055 254.758 294.694 335.963 377.715 402.862 402.558 399.842 395.192 390.245 386.422 384.386 383.551 381.19 377.612 374.323 371.974 371.071 372.767 675.818 522.822 190.515 125.74 64.9106 69.7692 138.135 217.934 295.632 310.085 320.111 329.062 340.044 355.404 374.957 393.363 404.225 405.88 400.874 398.015 398.939 403.53 403.703 400.582 395.633 386.927
72.6679 96.5709 122.897 151.83 183.588 218.38 255.998 295.825 336.984 378.628 403.604 403.256 400.565 396.169 391.469 387.752 385.562 384.228 381.944 378.627 375.461 373.135 372.235 373.881 678.314 527.232 193.074 127.853 66.9514 73.3522 140.828 219.235 295.72 310.262 320.866 330.411 341.851 357.295 376.316 393.894 404.278 406.037 401.975 399.373 401.317 405.254 405.065 401.458 395.805 386.98
74.3866 98.4351 124.926 154.037 185.948 220.778 258.297 297.96 338.942 380.414 405.196 404.852 402.317 398.291 393.954 390.378 387.956 386.131 383.791 380.738 377.76 375.493 374.659 376.349 683.981 535.178 197.216 131.7 73.4256 79.9264 145.37 222.223 297.387 311.586 323.001 333.526 345.764 361.337 379.412 395.536 405.105 407.169 404.495 402.651 404.466 407.087 406.33 402.353 396.066 387.055
76.8822 101.13 127.839 157.166 189.247 224.13 261.564 301.055 341.836 383.118 407.722 407.49 405.235 401.644 397.703 394.267 391.626 389.409 386.937 384.036 381.23 379.052 378.367 380.218 692.66 272.993 203.022 137.068 82.7878 89.28 151.129 226.769 301.011 314.783 326.898 338.506 351.613 367.196 384.047 398.473 407.149 409.628 408.318 407.177 408.129 409.175 407.737 403.438 396.738 387.56
80.1542 104.639 131.596 161.158 193.417 228.366 265.741 305.08 345.676 386.787 411.24 411.236 409.365 406.248 402.705 399.411 396.608 394.085 391.444 388.579 385.885 383.831 383.339 385.352 703.924 279.603 210.049 143.838 94.9232 101.379 157.911 232.77 306.616 320.044 332.76 345.371 359.202 374.57 390.061 402.812 410.613 413.4 413.075 412.284 412.245 411.86 409.583 404.916 397.947 388.69
84.2152 108.961 136.182 165.986 198.429 233.459 270.806 310.033 350.512 391.472 415.779 416.11 414.703 412.11 408.95 405.817 402.91 400.147 397.314 394.393 391.727 389.758 389.4 391.56 717.371 287.279 218.199 151.939 109.771 116.237 165.716 240.174 314.103 327.379 340.622 354.07 368.361 383.27 397.367 408.564 415.499 418.344 418.501 417.699 416.745 415.144 412.027 406.931 399.755 390.502
89.0966 114.117 141.611 171.661 204.289 239.422 276.776 315.938 356.307 397.229 421.346 422.106 421.23 419.159 416.429 413.489 410.533 407.58 404.539 401.483 398.751 396.784 396.472 398.671 732.666 295.886 227.388 161.296 127.27 133.841 174.572 248.963 323.371 336.713 350.437 364.526 378.976 393.208 405.919 415.669 421.703 424.293 424.463 423.364 421.584 418.978 415.085 409.543 402.18 392.984
94.851 120.154 147.923 178.221 211.045 246.299 283.699 322.851 363.187 404.126 427.94 429.216 428.932 427.431 425.149 422.442 419.493 416.386 413.124 409.862 406.957 404.87 404.467 406.554 749.506 305.313 237.514 171.8 147.324 154.134 184.614 259.143 334.314 347.97 362.182 376.666 390.983 404.343 415.664 424.015 429.05 431.09 430.902 429.293 426.747 423.295 418.713 412.74 405.205 396.088
101.554 127.142 155.189 185.737 218.768 254.166 291.652 330.85 371.227 412.246 435.56 437.433 437.804 436.923 435.132 432.707 429.822 426.595 423.12 419.559 416.364 414 413.326 415.121 767.585 315.419 248.443 183.303 169.816 176.997 195.892 270.486 346.788 361.163 375.78 390.43 404.328 416.628 426.508 433.436 437.343 438.581 437.76 435.506 432.22 428.032 422.843 416.472 408.776 399.741
109.305 135.179 163.504 194.325 227.557 263.121 300.738 340.038 380.524 421.69 444.207 446.763 447.858 447.657 446.419 444.342 441.58 438.269 434.523 430.635 427.014 424.189 423.03 424.319 393.289 326.045 260.009 195.621 194.548 202.228 212.098 283.539 720.819 376.128 391.187 405.749 418.929 429.958 438.313 443.719 446.371 446.607 444.973 441.977 437.979 433.125 427.394 420.66 412.815 403.854
118.224 144.383 172.987 204.051 237.535 273.296 311.082 350.538 391.196 432.579 453.906 457.217 459.115 459.674 459.069 457.447 454.857 451.504 447.501 443.183 438.988 435.494 433.602 434.135 403.069 337.008 272.017 215.367 221.298 229.66 240.448 298.133 751.302 393.052 408.353 422.509 434.632 444.145 450.796 454.621 455.884 454.998 452.438 448.653 443.956 438.497 432.274 425.211 417.225 408.325
128.45 154.895 183.78 215.113 248.845 284.831 322.828 362.489 403.383 445.046 464.627 468.815 471.61 473.025 473.155 472.04 469.766 466.428 462.168 457.345 452.413 448.015 445.106 444.587 412.945 348.112 284.251 243.304 249.79 259.051 271.026 314.397 785.234 411.924 427.168 440.495 451.172 458.899 463.695 465.826 465.633 463.552 460.024 455.435 450.065 444.041 437.378 430.012 421.895 413.043
140.142 166.872 196.052 227.652 261.647 297.884 336.127 376.044 417.231 459.237 476.427 481.576 485.37 487.758 488.75 488.3 486.436 483.198 478.713 473.307 467.471 461.908 457.659 455.741 422.724 359.149 296.494 272.692 279.828 290.214 303.684 332.516 822.549 432.686 447.381 459.338 468.14 473.833 476.645 477.006 475.329 472.046 467.555 462.191 456.178 449.636 442.57 434.938 426.698 417.884
153.47 180.484 209.939 241.837 276.111 312.621 351.143 391.392 432.892 475.296 489.294 495.504 500.409 503.9 505.901 506.28 504.984 501.97 497.317 491.297 484.395 477.399 471.439 467.72 432.217 369.668 308.54 303.248 311.237 323.059 338.369 356.09 431.768 455.1 468.511 478.468 484.988 488.414 489.191 487.796 484.674 480.235 474.83 468.74 462.147 455.132 447.708 439.838 431.497 422.715
168.613 195.924 225.659 257.847 292.41 329.212 368.037 408.585 450.501 493.348 503.205 510.566 516.693 521.417 524.585 525.982 525.454 522.844 518.174 511.558 503.473 494.766 486.656 480.802 441.254 379.987 330.297 334.907 344.011 357.691 375.174 394.587 453.812 478.571 489.774 497.118 501.055 502.108 500.881 497.816 493.351 487.854 481.625 474.888 467.777 460.353 452.625 444.555 436.129 427.401
185.755 213.337 243.375 275.855 310.712 347.815 386.954 427.857 470.174 508.613 518.078 526.653 534.083 540.149 544.62 547.231 547.706 545.779 541.304 534.266 524.999 514.358 503.739 495.138 449.657 389.718 362.632 367.74 378.435 394.537 414.382 434.884 476.61 502.012 510.1 514.382 515.596 514.338 511.252 506.681 501.036 494.626 487.693 480.408 472.87 465.091 457.14 448.924 440.459 431.783
205.077 232.937 263.257 296.022 331.165 368.56 408.008 449.256 491.957 523.178 533.742 543.528 552.275 559.718 565.577 569.525 571.224 570.26 566.403 559.326 549.084 536.511 523.104 511.271 457.307 398.813 396.082 402.146 415.215 434.433 456.132 475.728 498.224 523.863 528.211 529.316 527.932 524.625 519.863 514.022 507.408 500.264 492.777 485.068 477.205 469.201 461.062 452.759 444.307 435.709
226.742 254.866 285.45 318.477 353.881 391.568 431.258 472.794 515.807 538.285 549.861 560.763 570.715 579.437 586.568 591.84 594.794 595.176 592.364 585.779 575.365 561.314 545.34 522.449 463.914 431.888 431.521 439.692 456.498 478.602 499.321 514.255 523.395 542.403 542.961 541.111 537.442 532.376 526.316 519.494 512.158 504.489 496.617 488.628 480.55 472.417 464.198 455.889 447.276 438.258
250.884 279.242 310.056 343.302 378.909 416.756 456.664 498.37 540.801 553.541 565.924 577.694 588.548 598.137 606.281 612.585 616.679 618.307 616.916 611.674 602.038 587.893 570.721 527.167 479.451 470.206 471.311 484.179 505.526 525.99 539.332 546.418 549.349 556.191 553.422 549.12 543.647 537.293 530.267 522.762 515.009 507.039 498.955 490.852 482.722 474.486 466.007 457.207 448.064 438.548
277.588 306.131 337.112 370.498 406.213 444.134 484.064 525.735 555.177 568.368 581.212 593.405 604.655 614.663 623.115 629.846 634.49 636.983 636.645 633.359 625.418 613.271 588.152 545.462 525.704 517.037 524.587 544.403 559.983 567.21 569.494 568.8 566.208 564.34 559.029 552.946 546.239 539.043 531.492 523.69 515.734 507.663 499.468 491.147 482.674 474.007 465.078 455.864 446.324 436.445
306.863 335.512 366.561 399.963 435.638 473.435 513.14 554.468 568.804 582.035 594.818 606.854 617.844 627.464 635.6 641.974 646.457 649.031 649.269 646.945 641.094 632.871 612.977 602.151 595.636 599.107 603.815 602.654 598.074 592.299 586.046 579.684 573.149 566.533 559.592 552.416 545.014 537.367 529.517 521.496 513.338 505.055 496.648 488.1 479.374 470.44 461.252 451.778 442.133 432.442
338.62 367.256 398.227 431.469 466.875 504.268 543.408 567.88 580.936 593.687 605.828 617.063 627.116 635.734 642.804 648.2 651.883 653.804 653.858 651.857 647.989 643.668 639.357 640.866 646.032 646.103 637.623 625.133 611.879 599.737 588.917 579.348 570.617 562.395 554.492 546.699 538.891 531.065 523.127 515.079 506.927 498.648 490.228 481.646 472.952 464.145 455.233 446.232 437.175 428.11
371.651 400.189 430.945 463.83 498.702 535.36 565.438 577.932 590.187 601.93 612.881 622.771 631.337 638.523 644.145 648.217 650.756 651.776 651.37 649.472 646.94 644.812 644.749 648.255 652.695 650.044 638.441 623.091 607.322 593.058 580.584 569.826 560.295 551.586 543.457 535.632 527.958 520.335 512.69 505.01 497.26 489.424 481.491 473.464 465.336 457.112 448.801 440.423 432.008 423.597
403.834 432.038 462.298 494.497 528.466 560.976 572.62 584.093 595.132 605.482 614.896 623.16 630.023 635.643 639.757 642.478 643.87 644.01 643.06 641.128 638.828 636.747 636.023 636.686 636.793 632.052 620.818 606.027 591.043 577.138 565.077 554.57 545.266 536.951 529.239 521.907 514.791 507.775 500.78 493.752 486.643 479.483 472.218 464.851 457.379 449.811 442.159 434.468 426.745 419.004
434.671 462.252 491.7 522.869 555.268 565.926 576.444 586.601 596.166 604.915 612.648 619.189 624.412 628.438 631.104 632.537 632.825 632.056 630.4 627.988 624.958 621.897 618.862 615.448 610.685 603.591 593.72 581.672 568.971 557.126 546.444 536.927 528.55 520.97 513.962 507.334 500.931 494.641 488.376 482.09 475.736 469.292 462.743 456.083 449.315 442.445 435.49 428.474 421.421 414.367
