Risk analysis/3D Model Exports/V3 - faulted anticlinal trap - 2 res (thick + thin)/ModelV3Export_isohypses_NonReservoirDeep.asc
ncols 50
nrows 50
xllcenter 20
yllcenter 20
cellsize 40
nodata_value -9999
[rows 0 to 34 of 50, columns 0 to 49 of 50]
-691.287 -721.218 -752.244 -784.037 -816.233 -848.474 -880.412 -911.708 -942.058 -971.208 -998.955 -1025.14 -1049.7 -1072.6 -1093.86 -1113.55 -1131.81 -1148.85 -1164.95 -1180.33 -1195.07 -1208.99 -1221.66 -1232.72 -1242.41 -1252.21 -1262.32 -1271.17 -1278.25 -1283.67 -1287.65 -1290.45 -1292.28 -1293.3 -1293.59 -1293.17 -1292.02 -1290.07 -1287.2 -1283.28 -1278.19 -1271.76 -1263.87 -1254.39 -1243.23 -1230.31 -1215.61 -1199.13 -1180.93 -1161.08
-664.314 -695.858 -728.734 -762.59 -797.032 -831.624 -865.979 -899.706 -932.446 -963.897 -993.822 -1022.04 -1048.48 -1073.11 -1095.96 -1117.11 -1136.78 -1155.25 -1172.95 -1190.3 -1207.52 -1224.46 -1240.56 -1255.34 -1268.81 -1281.27 -1292.09 -1300.89 -1307.8 -1313.1 -1317.06 -1319.95 -1321.95 -1323.21 -1323.79 -1323.71 -1322.93 -1321.34 -1318.83 -1315.24 -1310.41 -1304.18 -1296.38 -1286.87 -1275.53 -1262.27 -1247.04 -1229.84 -1210.74 -1189.81
-634.451 -667.381 -701.915 -737.689 -774.276 -811.197 -847.973 -884.171 -919.366 -953.195 -985.373 -1015.68 -1044.04 -1070.41 -1094.81 -1117.36 -1138.29 -1157.99 -1177.03 -1196.11 -1215.75 -1235.86 -1255.7 -1274.58 -1291.89 -1306.27 -1317.31 -1326.01 -1332.87 -1338.25 -1342.43 -1345.64 -1348.07 -1349.82 -1350.96 -1351.48 -1351.3 -1350.34 -1348.43 -1345.41 -1341.09 -1335.28 -1327.8 -1318.47 -1307.15 -1293.73 -1278.14 -1260.36 -1240.45 -1218.51
-601.857 -635.864 -671.771 -709.218 -747.76 -786.886 -826.031 -864.69 -902.376 -938.651 -973.163 -1005.66 -1035.98 -1064.12 -1090.09 -1113.99 -1136.08 -1156.8 -1176.86 -1197.27 -1219.02 -1242.07 -1265.26 -1287.33 -1306.96 -1322.82 -1334.99 -1344.44 -1351.88 -1357.81 -1362.56 -1366.4 -1369.5 -1372 -1373.92 -1375.27 -1375.96 -1375.88 -1374.86 -1372.72 -1369.24 -1364.2 -1357.4 -1348.61 -1337.66 -1324.39 -1308.67 -1290.48 -1269.89 -1247.02
-566.923 -601.643 -638.561 -677.335 -717.524 -758.601 -799.972 -840.996 -881.147 -919.9 -956.823 -991.598 -1024 -1054.02 -1081.64 -1106.99 -1130.29 -1152.03 -1171.94 -1193.1 -1216.29 -1241.64 -1267.39 -1291.72 -1313.1 -1330.52 -1344.24 -1355 -1363.57 -1370.5 -1376.22 -1381.01 -1385.1 -1388.61 -1391.59 -1394.01 -1395.8 -1396.83 -1396.92 -1395.87 -1393.44 -1389.41 -1383.52 -1375.56 -1365.3 -1352.57 -1337.23 -1319.2 -1298.46 -1275.07
-532.154 -567.283 -604.836 -644.52 -685.921 -728.52 -771.712 -814.825 -857.207 -898.288 -937.549 -974.587 -1009.12 -1041.05 -1070.42 -1097.25 -1121.84 -1144.68 -1161.37 -1183.08 -1206.95 -1233.61 -1261.15 -1287.43 -1310.59 -1329.89 -1345.42 -1357.9 -1368.02 -1376.38 -1383.45 -1389.56 -1394.95 -1399.76 -1404 -1407.79 -1410.92 -1413.28 -1414.69 -1414.93 -1413.76 -1410.91 -1406.11 -1399.16 -1389.75 -1377.71 -1362.89 -1345.17 -1324.52 -1301
-499.169 -534.371 -572.167 -612.303 -654.421 -698.023 -742.521 -787.241 -831.454 -874.524 -915.867 -954.992 -991.555 -1025.37 -1056.4 -1084.76 -1110.73 -1134.79 -1157.83 -1166.8 -1190.81 -1217.63 -1246.21 -1274.14 -1299.38 -1320.9 -1338.69 -1353.27 -1365.37 -1375.57 -1384.38 -1392.16 -1399.18 -1405.59 -1411.47 -1416.8 -1421.5 -1425.41 -1428.36 -1430.1 -1430.37 -1428.89 -1425.38 -1419.55 -1411.14 -1399.93 -1385.73 -1368.43 -1347.97 -1324.4
-468.363 -503.377 -541.096 -581.306 -623.678 -667.782 -713.041 -758.807 -804.325 -848.97 -892.02 -932.949 -971.333 -1006.86 -1039.59 -1069.52 -1096.89 -1122.29 -1146.57 -1142.87 -1166.62 -1192.91 -1221.63 -1251.1 -1278.71 -1303.01 -1323.63 -1340.92 -1355.5 -1368.05 -1379.05 -1388.92 -1397.94 -1406.29 -1414.05 -1421.23 -1427.75 -1433.45 -1438.15 -1441.59 -1443.49 -1443.56 -1441.48 -1436.95 -1429.68 -1419.41 -1405.93 -1389.13 -1368.93 -1345.37
-439.971 -474.617 -512.026 -552.014 -594.297 -638.443 -683.972 -730.239 -776.56 -822.203 -866.491 -908.818 -948.753 -985.866 -1020.16 -1051.58 -1080.4 -1107.19 -1132.78 -1120.15 -1133.05 -1158.29 -1186.52 -1216.95 -1247.21 -1275.05 -1299.4 -1320.26 -1338.15 -1353.67 -1367.46 -1379.91 -1391.36 -1401.99 -1411.99 -1421.31 -1429.9 -1437.63 -1444.3 -1449.65 -1453.39 -1455.18 -1454.71 -1451.62 -1445.61 -1436.39 -1423.74 -1407.48 -1387.58 -1364.05
-414.089 -448.253 -485.202 -524.771 -566.69 -610.581 -655.958 -702.259 -748.82 -794.961 -840 -883.281 -924.362 -962.772 -998.417 -1031.3 -1061.58 -1089.8 -1116.78 -1119.84 -1089.19 -1113.09 -1139.92 -1170.46 -1203.24 -1235.42 -1264.75 -1290.46 -1312.77 -1332.27 -1349.55 -1365.22 -1379.6 -1392.99 -1405.53 -1417.28 -1428.22 -1438.21 -1447.08 -1454.55 -1460.32 -1464.04 -1465.34 -1463.85 -1459.23 -1451.16 -1439.4 -1423.75 -1404.15 -1380.66
-390.706 -424.326 -460.732 -499.765 -541.169 -584.581 -629.54 -675.505 -721.884 -768.029 -813.316 -857.12 -898.936 -938.374 -975.137 -1009.3 -1040.99 -1070.67 -1099.12 -1119.58 -1079.96 -1058.98 -1084.1 -1113.3 -1147.13 -1183.52 -1218.87 -1250.9 -1279.06 -1303.7 -1325.49 -1345.05 -1362.95 -1379.51 -1394.97 -1409.46 -1422.99 -1435.49 -1446.77 -1456.58 -1464.59 -1470.42 -1473.68 -1473.95 -1470.84 -1464.02 -1453.2 -1438.19 -1418.9 -1395.39
-369.729 -402.781 -438.609 -477.056 -517.868 -560.686 -605.059 -650.474 -696.374 -742.167 -787.293 -831.195 -873.367 -913.443 -951.13 -986.414 -1019.44 -1050.58 -1080.56 -1110.27 -1079.92 -1040.15 -1025.81 -1053.49 -1086.08 -1123.72 -1163.84 -1202.49 -1237.63 -1268.51 -1295.71 -1319.95 -1341.87 -1362.03 -1380.74 -1398.23 -1414.59 -1429.79 -1443.69 -1456.03 -1466.49 -1474.64 -1480.04 -1482.23 -1480.77 -1475.29 -1465.46 -1451.09 -1432.08 -1408.5
-351.014 -383.507 -418.752 -456.607 -496.81 -538.998 -582.718 -627.466 -672.712 -717.932 -762.616 -806.286 -848.505 -888.921 -927.281 -963.511 -997.752 -1030.34 -1061.89 -1093.23 -1079.76 -1039.85 -1000.28 -999.259 -1030.51 -1066.75 -1107.54 -1150.22 -1191.22 -1228.42 -1261.46 -1290.82 -1317.18 -1341.23 -1363.42 -1384.09 -1403.41 -1421.48 -1438.16 -1453.22 -1466.32 -1476.99 -1484.73 -1489.02 -1489.35 -1485.3 -1476.51 -1462.76 -1443.97 -1420.22
-334.397 -366.348 -401.032 -438.318 -477.936 -519.512 -562.58 -606.633 -651.165 -695.691 -739.769 -783.006 -825.032 -865.556 -904.365 -941.383 -976.723 -1010.69 -1043.81 -1076.82 -1079.65 -1039.95 -1000.02 -960.445 -983.821 -1018.69 -1058.05 -1100.96 -1144.79 -1186.66 -1224.84 -1259.15 -1290.02 -1318.03 -1343.77 -1367.67 -1390.04 -1411.01 -1430.55 -1448.46 -1464.38 -1477.78 -1488.08 -1494.66 -1496.93 -1494.39 -1486.66 -1473.5 -1454.84 -1430.82
-319.706 -351.139 -385.303 -422.057 -461.139 -502.154 -544.618 -588.013 -631.834 -675.636 -719.038 -761.721 -803.41 -843.877 -882.973 -920.625 -956.94 -992.188 -1026.83 -1061.5 -1079.57 -1039.85 -999.86 -960.203 -944.804 -979.088 -1017.07 -1058.79 -1102.85 -1146.85 -1188.62 -1226.97 -1261.83 -1293.56 -1322.69 -1349.71 -1375.01 -1398.83 -1421.24 -1442.07 -1460.95 -1477.3 -1490.38 -1499.46 -1503.83 -1502.9 -1496.24 -1483.61 -1464.95 -1440.47
-306.772 -337.716 -371.398 -407.676 -446.286 -486.815 -528.752 -571.558 -614.722 -657.824 -700.537 -742.622 -783.91 -824.205 -863.45 -901.605 -938.776 -975.203 -1011.26 -1047.52 -1079.52 -1039.78 -999.762 -960.045 -919.625 -945.99 -983.23 -1023.71 -1067.01 -1111.42 -1154.93 -1196.04 -1234.04 -1268.97 -1301.15 -1331.01 -1359.01 -1385.49 -1410.62 -1434.36 -1456.3 -1475.78 -1491.91 -1503.74 -1510.39 -1511.16 -1505.57 -1493.37 -1474.54 -1449.37
-295.443 -325.927 -359.168 -395.052 -433.239 -473.391 -514.873 -557.183 -599.768 -642.226 -684.275 -725.755 -766.568 -806.648 -845.962 -884.517 -922.414 -959.876 -997.248 -1035 -1073.62 -1039.72 -999.946 -959.937 -920.28 -917.995 -954.732 -994.512 -1036.93 -1081.02 -1125.08 -1167.67 -1207.84 -1245.31 -1280.05 -1312.38 -1342.72 -1371.54 -1399.14 -1425.62 -1450.64 -1473.44 -1492.9 -1507.78 -1516.94 -1519.51 -1514.95 -1503.02 -1483.79 -1457.67
-285.582 -315.637 -348.479 -383.982 -421.867 -461.692 -502.864 -544.781 -586.883 -628.769 -670.216 -711.085 -751.424 -791.231 -830.542 -869.401 -907.915 -946.293 -984.835 -1023.95 -1064.03 -1039.68 -999.895 -959.861 -920.162 -894.202 -930.657 -969.914 -1011.77 -1055.43 -1099.46 -1142.64 -1184.11 -1223.37 -1260.16 -1294.53 -1326.81 -1357.52 -1387.19 -1416.11 -1444.13 -1470.43 -1493.58 -1511.87 -1523.78 -1528.24 -1524.64 -1512.78 -1492.85 -1465.44
-277.08 -306.736 -339.219 -374.421 -412.057 -451.668 -492.613 -534.245 -575.964 -617.359 -658.222 -698.535 -738.394 -777.899 -817.154 -856.238 -895.261 -934.428 -973.997 -1014.33 -1055.74 -1039.65 -999.856 -959.807 -920.076 -879.829 -910.214 -949.159 -990.812 -1034.14 -1077.97 -1121.19 -1163.24 -1203.66 -1242.04 -1278.08 -1311.89 -1344.02 -1375.2 -1406.11 -1436.92 -1466.85 -1494.08 -1516.24 -1531.23 -1537.65 -1534.88 -1522.81 -1501.78 -1472.68
-269.854 -299.142 -331.305 -366.259 -403.719 -443.2 -484.02 -525.473 -566.911 -607.897 -648.248 -688.015 -727.395 -766.579 -805.737 -844.98 -884.415 -924.247 -964.697 -1006.1 -1048.7 -1039.63 -999.826 -959.768 -920.012 -879.817 -892.956 -931.636 -973.246 -1016.69 -1060.38 -1103.35 -1145.43 -1186.51 -1226.09 -1263.5 -1298.51 -1331.55 -1363.62 -1395.89 -1429.07 -1462.7 -1494.53 -1521.14 -1539.53 -1547.96 -1545.81 -1533.13 -1510.56 -1479.31
-263.851 -292.803 -324.686 -359.441 -396.786 -436.217 -476.999 -518.37 -559.628 -600.284 -640.179 -679.429 -718.338 -757.206 -796.232 -835.582 -875.342 -915.72 -956.928 -999.211 -1042.85 -1039.61 -999.803 -959.989 -919.964 -879.806 -878.486 -916.955 -958.83 -1002.71 -1046.45 -1089.01 -1130.73 -1172.03 -1212.51 -1251.13 -1287.11 -1320.65 -1352.95 -1385.76 -1420.69 -1457.97 -1494.99 -1526.74 -1548.88 -1559.25 -1557.38 -1543.63 -1518.99 -1485.15
-259.045 -287.702 -319.343 -353.944 -391.228 -430.668 -471.481 -512.847 -554.009 -594.418 -633.919 -672.687 -711.145 -749.693 -788.6 -828.019 -868.031 -908.84 -950.626 -993.661 -1038.16 -1039.6 -999.785 -959.967 -919.929 -879.798 -866.699 -904.888 -947.224 -992.003 -1035.96 -1077.99 -1119.06 -1160.26 -1201.44 -1241.19 -1278.05 -1311.78 -1343.69 -1376.17 -1411.94 -1452.62 -1495.52 -1533.09 -1559.18 -1571.29 -1569.25 -1553.9 -1526.71 -1489.98
-255.439 -283.85 -315.294 -349.782 -387.043 -426.528 -467.41 -508.821 -549.952 -590.189 -629.365 -667.705 -705.754 -744.031 -782.83 -822.297 -862.493 -903.623 -945.859 -989.452 -1034.61 -1039.59 -999.773 -959.952 -919.904 -880.194 -857.574 -895.38 -938.29 -984.304 -1028.66 -1070.07 -1110.27 -1151.18 -1192.96 -1233.78 -1271.55 -1305.34 -1336.38 -1367.75 -1403.3 -1446.83 -1496.23 -1539.91 -1569.86 -1583.37 -1580.62 -1563.15 -1533.2 -1493.61
-253.055 -281.284 -312.583 -346.996 -384.255 -423.792 -464.747 -506.215 -547.349 -587.482 -626.418 -664.412 -702.127 -740.209 -778.941 -818.443 -858.761 -900.103 -942.639 -986.606 -1032.22 -1039.59 -999.765 -959.942 -919.888 -880.168 -851.227 -888.597 -932.049 -979.398 -1024.2 -1064.93 -1104.21 -1144.79 -1186.99 -1228.85 -1267.57 -1301.46 -1331.46 -1361.33 -1395.87 -1441.26 -1497.36 -1546.21 -1579.62 -1594.19 -1590.22 -1570.33 -1537.92 -1496.07
-251.921 -280.05 -311.27 -345.641 -382.901 -422.467 -463.462 -504.965 -546.104 -586.186 -624.988 -662.773 -700.276 -738.268 -776.975 -816.496 -856.871 -898.316 -940.998 -985.15 -1030.99 -1039.58 -999.761 -959.936 -919.88 -880.155 -847.868 -884.903 -928.666 -976.971 -1022.07 -1062.24 -1100.82 -1141.24 -1183.73 -1226.25 -1265.77 -1299.86 -1329.04 -1357.77 -1391.32 -1437.69 -1498.98 -1550.37 -1586.61 -1601.84 -1596.55 -1574.56 -1540.78 -1497.71
-252.06 -280.182 -311.394 -345.756 -383.006 -422.56 -463.542 -505.032 -546.158 -586.228 -625.019 -662.796 -700.29 -738.272 -776.971 -816.483 -856.849 -898.285 -940.958 -985.102 -1030.94 -1039.58 -999.761 -959.936 -919.88 -880.154 -847.671 -884.643 -928.334 -976.597 -1021.68 -1061.83 -1100.37 -1140.76 -1183.25 -1225.82 -1265.43 -1299.61 -1328.86 -1357.68 -1391.43 -1438.44 -1500.81 -1552.54 -1588.74 -1603.77 -1598.42 -1576.35 -1542.34 -1498.96
-253.471 -281.68 -312.956 -347.342 -384.57 -424.071 -464.987 -506.416 -547.512 -587.61 -626.514 -664.479 -702.167 -740.223 -778.93 -818.406 -858.697 -900.013 -942.522 -986.464 -1032.06 -1039.58 -999.764 -959.941 -919.887 -880.166 -850.635 -887.824 -931.072 -978.292 -1023.03 -1063.69 -1102.87 -1143.38 -1185.6 -1227.63 -1266.61 -1300.76 -1331.02 -1361.2 -1396.43 -1443.67 -1502.51 -1552.4 -1585.73 -1599.9 -1595.71 -1575.54 -1542.53 -1499.76
-256.133 -284.51 -315.915 -350.358 -387.567 -426.992 -467.811 -509.157 -550.224 -590.403 -629.526 -667.817 -705.822 -744.056 -782.812 -822.237 -862.39 -903.477 -945.671 -989.225 -1034.36 -1039.59 -999.772 -959.95 -919.902 -880.19 -856.586 -894.11 -936.711 -982.511 -1026.73 -1068.03 -1108.09 -1148.93 -1190.76 -1231.93 -1270.14 -1304.38 -1335.92 -1367.95 -1404.81 -1451.09 -1503.99 -1549.29 -1579.37 -1592.5 -1589.37 -1571.42 -1540.56 -1499.54
-260.02 -288.629 -320.214 -354.75 -391.96 -431.317 -472.041 -513.317 -554.39 -594.719 -634.146 -672.846 -711.242 -749.729 -788.578 -827.94 -867.894 -908.646 -950.377 -993.361 -1037.82 -1039.6 -999.784 -959.965 -919.926 -879.794 -865.319 -903.142 -945.088 -989.575 -1033.32 -1075.19 -1116.14 -1157.34 -1198.75 -1238.97 -1276.46 -1310.87 -1343.57 -1377.18 -1414.88 -1458.77 -1505.2 -1544.79 -1571.35 -1583.22 -1580.73 -1564.69 -1536.35 -1497.85
-265.111 -293.999 -325.807 -360.477 -397.727 -437.051 -477.719 -518.975 -560.116 -600.673 -640.473 -679.636 -718.464 -757.256 -796.209 -835.488 -875.179 -915.489 -956.634 -998.856 -1042.46 -1039.61 -999.801 -959.986 -919.96 -879.802 -876.722 -914.759 -956.181 -999.694 -1043.17 -1085.56 -1127.23 -1168.67 -1209.54 -1248.86 -1285.67 -1320.15 -1353.6 -1388.01 -1425.34 -1465.91 -1506.22 -1540.06 -1562.95 -1573.27 -1570.95 -1556.39 -1530.41 -1494.63
-271.403 -300.609 -332.68 -367.528 -404.869 -444.219 -484.9 -526.214 -567.516 -608.375 -648.609 -688.27 -727.551 -766.644 -805.716 -844.877 -884.233 -923.99 -964.368 -1005.7 -1048.27 -1039.63 -999.823 -959.765 -920.006 -879.812 -890.826 -929.02 -970.132 -1013.15 -1056.57 -1099.42 -1141.58 -1183.01 -1223.23 -1261.53 -1297.6 -1331.88 -1365.46 -1399.71 -1435.52 -1472.29 -1507.04 -1535.63 -1554.92 -1563.45 -1560.88 -1547.34 -1523.34 -1490.08
-278.922 -308.478 -340.849 -375.923 -413.417 -452.872 -493.655 -535.122 -576.681 -617.926 -658.651 -698.838 -738.582 -777.98 -817.138 -856.132 -895.071 -934.159 -973.655 -1013.92 -1055.3 -1039.65 -999.853 -959.803 -920.068 -879.823 -907.749 -946.163 -987.315 -1030.18 -1073.78 -1117.01 -1159.34 -1200.36 -1239.65 -1276.81 -1311.92 -1345.54 -1378.53 -1411.67 -1445.14 -1477.93 -1507.71 -1531.65 -1547.54 -1554.16 -1551.02 -1538.05 -1515.59 -1484.48
-287.722 -317.659 -350.368 -385.72 -423.44 -463.084 -504.067 -545.794 -587.711 -629.424 -670.71 -711.434 -751.641 -791.329 -830.535 -869.298 -907.726 -946.026 -984.499 -1023.56 -1063.6 -1039.68 -999.892 -959.856 -920.153 -891.948 -927.894 -966.593 -1007.91 -1051.19 -1095.11 -1138.51 -1180.55 -1220.69 -1258.62 -1294.32 -1328.12 -1360.55 -1392.21 -1423.44 -1454.01 -1482.86 -1508.19 -1528.04 -1540.8 -1545.47 -1541.52 -1528.78 -1507.43 -1478.06
-297.887 -328.233 -361.319 -397.02 -435.025 -474.964 -516.237 -558.331 -600.705 -642.965 -684.832 -726.147 -766.813 -806.764 -845.965 -884.423 -922.237 -959.627 -996.938 -1034.64 -1073.24 -1039.72 -999.942 -959.931 -920.269 -915.533 -951.729 -990.974 -1032.87 -1076.71 -1120.89 -1163.99 -1205.04 -1243.65 -1279.73 -1313.57 -1345.58 -1376.25 -1405.92 -1434.65 -1462.01 -1487.04 -1508.38 -1524.6 -1534.5 -1537.26 -1532.35 -1519.57 -1498.95 -1470.94
-309.526 -340.311 -373.815 -409.894 -448.287 -488.581 -530.275 -572.837 -615.764 -658.642 -701.151 -743.051 -784.179 -824.335 -863.464 -901.526 -938.62 -974.973 -1010.99 -1047.22 -1079.52 -1039.78 -999.759 -960.037 -919.618 -943.383 -980.082 -1020.01 -1062.95 -1107.36 -1151.32 -1193.29 -1232.43 -1268.7 -1302.36 -1333.83 -1363.57 -1391.94 -1419.11 -1444.96 -1469 -1490.4 -1508.12 -1521.1 -1528.39 -1529.3 -1523.36 -1510.3 -1490.13 -1463.14
