Risk analysis/3D Model Exports/V3 - faulted anticlinal trap - 2 res (thick + thin)/ModelV3Export_isohypses_Reservoir.asc
ncols 50
nrows 50
xllcenter 20
yllcenter 20
cellsize 40
nodata_value -9999
[rows 0 to 35 of 50, columns 0 to 49 of 50]
-427.613 -455.679 -485.653 -517.386 -550.683 -585.272 -620.842 -657.02 -693.389 -729.504 -764.909 -799.163 -831.787 -862.644 -891.238 -917.398 -940.948 -961.765 -979.884 -995.388 -1008.46 -1019.82 -1029.74 -1038.07 -1044.13 -1047.21 -1047.12 -1044.67 -1041.51 -1039.21 -1038.11 -1038.19 -1039.37 -1041.23 -1043.43 -1045.66 -1047.61 -1049 -1049.58 -1049.13 -1047.47 -1044.41 -1039.82 -1033.59 -1025.64 -1015.93 -1004.46 -991.277 -976.412 -960.002
-396.869 -425.515 -456.268 -489.003 -523.546 -559.661 -597.044 -635.318 -674.057 -712.785 -750.997 -788.191 -823.82 -857.661 -889.181 -918.151 -944.349 -967.615 -987.952 -1005.39 -1020.58 -1034.24 -1047.69 -1061.27 -1073.32 -1079.83 -1079.42 -1075.28 -1070.91 -1067.66 -1066.3 -1066.52 -1067.99 -1070.24 -1072.93 -1075.64 -1078.05 -1079.85 -1080.78 -1080.6 -1079.1 -1076.1 -1071.43 -1064.98 -1056.67 -1046.43 -1034.28 -1020.24 -1004.41 -986.902
-364.817 -393.786 -424.979 -458.363 -493.775 -531.011 -569.793 -609.753 -650.508 -691.526 -732.286 -772.23 -810.771 -847.509 -881.928 -913.7 -942.535 -968.188 -990.566 -1009.51 -1025.88 -1040.84 -1056.24 -1073.9 -1091.5 -1101.26 -1101.6 -1098 -1093.97 -1091.48 -1090.84 -1091.98 -1094.35 -1097.47 -1100.97 -1104.44 -1107.52 -1109.93 -1111.38 -1111.63 -1110.44 -1107.62 -1103 -1096.44 -1087.84 -1077.14 -1064.34 -1049.48 -1032.66 -1014
-331.992 -361.007 -392.42 -426.096 -462.002 -499.935 -539.651 -580.826 -623.058 -665.87 -708.718 -751.015 -792.155 -831.546 -868.687 -903.136 -934.516 -962.499 -986.771 -1007.02 -1023.44 -1037.53 -1049.94 -1066.82 -1086.38 -1100.13 -1104.84 -1105.31 -1104.96 -1105.73 -1107.88 -1111.35 -1115.71 -1120.53 -1125.52 -1130.29 -1134.55 -1138 -1140.37 -1141.41 -1140.87 -1138.53 -1134.18 -1127.67 -1118.91 -1107.85 -1094.48 -1078.84 -1061.04 -1041.23
-300.548 -329.54 -360.967 -394.808 -430.918 -469.212 -509.45 -551.34 -594.519 -638.51 -682.811 -726.824 -769.922 -811.423 -850.836 -887.531 -921.028 -951.022 -976.846 -998.139 -1013.9 -1025.36 -1023.36 -1028.99 -1037.9 -1056.46 -1075.82 -1088.78 -1098.09 -1106.19 -1113.86 -1121.55 -1129.19 -1136.74 -1143.96 -1150.66 -1156.61 -1161.57 -1165.31 -1167.59 -1168.15 -1166.78 -1163.25 -1157.38 -1149.02 -1138.05 -1124.43 -1108.15 -1089.41 -1068.46
-271.63 -300.483 -331.808 -365.575 -401.706 -440.083 -480.503 -522.695 -566.308 -610.91 -656.011 -701.024 -745.323 -788.244 -829.097 -867.344 -902.248 -933.456 -960.166 -981.692 -996.687 -1005.52 -999.846 -974.749 -971.793 -979.276 -1002.88 -1038.42 -1068.83 -1090.63 -1107.62 -1121.82 -1134.3 -1145.62 -1155.9 -1165.16 -1173.31 -1180.23 -1185.72 -1189.57 -1191.54 -1191.42 -1188.97 -1183.99 -1176.32 -1165.83 -1152.46 -1136.21 -1117.16 -1095.45
-245.313 -273.953 -305.08 -338.673 -374.664 -412.927 -453.285 -495.471 -539.145 -583.89 -629.218 -674.586 -719.358 -762.83 -804.407 -843.342 -878.881 -910.458 -937.257 -958.266 -972.888 -981.053 -984.424 -959.944 -930.476 -938.45 -956.379 -986.093 -1024.16 -1060.52 -1089.41 -1112.23 -1131.05 -1147.2 -1161.34 -1173.78 -1184.67 -1193.97 -1201.57 -1207.3 -1211.03 -1212.43 -1211.29 -1207.44 -1200.68 -1190.85 -1177.89 -1161.81 -1142.67 -1120.65
-221.574 -249.956 -280.826 -314.172 -349.927 -387.964 -428.101 -470.079 -513.556 -558.116 -603.277 -648.502 -693.183 -736.67 -778.213 -817.161 -852.675 -884.183 -910.791 -931.739 -946.902 -956.506 -962.428 -959.596 -919.957 -907.198 -924.65 -950.532 -985.287 -1024.85 -1062.56 -1094.2 -1120.21 -1141.99 -1160.64 -1176.83 -1190.9 -1202.95 -1213.06 -1221.03 -1226.73 -1229.92 -1230.37 -1227.85 -1222.17 -1213.17 -1200.77 -1184.96 -1165.84 -1143.57
-200.344 -228.418 -259 -292.056 -327.522 -365.27 -405.101 -446.756 -489.884 -534.065 -578.816 -623.603 -667.844 -710.884 -752.054 -790.653 -825.962 -857.241 -883.993 -905.698 -922.333 -934.749 -944.573 -954.44 -919.933 -880.486 -898.338 -923.06 -954.855 -992.994 -1033.15 -1070.83 -1103.39 -1130.97 -1154.5 -1174.81 -1192.42 -1207.61 -1220.46 -1230.94 -1238.89 -1244.11 -1246.35 -1245.38 -1240.97 -1232.95 -1221.22 -1205.78 -1186.73 -1164.27
-181.414 -209.211 -239.49 -272.238 -307.391 -344.819 -384.312 -425.59 -468.301 -512.011 -556.23 -600.444 -644.07 -686.52 -727.143 -765.316 -800.383 -831.758 -859.026 -881.982 -900.863 -916.523 -930.461 -944.867 -919.806 -880.094 -874.954 -899.725 -930.08 -965.963 -1005.61 -1045.77 -1082.92 -1115.59 -1143.89 -1168.44 -1189.8 -1208.32 -1224.18 -1237.39 -1247.83 -1255.29 -1259.54 -1260.3 -1257.32 -1250.42 -1239.46 -1224.46 -1205.51 -1182.88
-164.681 -192.212 -222.146 -254.58 -289.415 -326.516 -365.666 -406.562 -448.84 -492.06 -535.719 -579.321 -622.308 -664.142 -704.246 -742.05 -777.029 -808.714 -836.865 -861.407 -882.71 -901.599 -919.367 -937.835 -919.734 -879.903 -853.463 -878.772 -908.473 -942.874 -981.241 -1021.58 -1061.1 -1097.52 -1129.99 -1158.6 -1183.71 -1205.64 -1224.68 -1240.79 -1253.9 -1263.81 -1270.24 -1272.9 -1271.5 -1265.83 -1255.73 -1241.2 -1222.38 -1199.53
-149.94 -177.138 -206.795 -238.917 -273.44 -310.225 -349.045 -389.58 -431.447 -474.195 -517.317 -560.333 -602.719 -643.991 -683.652 -721.216 -756.272 -788.477 -817.663 -843.917 -867.609 -889.487 -910.722 -932.723 -919.691 -879.798 -840.407 -859.609 -889.137 -922.563 -959.681 -999.357 -1039.61 -1078.33 -1114.02 -1146.19 -1174.86 -1200.21 -1222.46 -1241.59 -1257.51 -1270.02 -1278.8 -1283.52 -1283.84 -1279.49 -1270.3 -1256.28 -1237.55 -1214.45
-137.007 -163.904 -193.284 -225.073 -259.296 -295.783 -334.299 -374.509 -416.003 -458.324 -500.96 -543.444 -585.298 -626.085 -665.4 -702.841 -738.099 -770.93 -801.239 -829.173 -855.102 -879.677 -903.934 -929.059 -919.664 -879.983 -840.215 -841.948 -871.529 -904.345 -940.436 -979.195 -1019.33 -1059.16 -1097.07 -1132.13 -1163.99 -1192.61 -1218.01 -1240.2 -1259.04 -1274.28 -1285.57 -1292.49 -1294.65 -1291.72 -1283.49 -1269.95 -1251.26 -1227.81
-125.7 -152.296 -181.349 -212.868 -246.806 -283.019 -321.265 -361.193 -402.367 -444.318 -486.53 -528.546 -569.937 -610.317 -649.368 -686.775 -722.311 -755.817 -787.241 -816.763 -844.734 -871.711 -898.619 -926.466 -919.646 -879.939 -840.089 -825.609 -855.378 -887.812 -923.104 -960.978 -1000.59 -1040.73 -1079.97 -1117.21 -1151.79 -1183.39 -1211.84 -1237.06 -1258.87 -1276.95 -1290.87 -1300.15 -1304.28 -1302.84 -1295.59 -1282.48 -1263.74 -1239.84
-115.848 -142.144 -170.899 -202.129 -235.799 -271.765 -309.776 -349.474 -390.387 -432.031 -473.902 -515.496 -556.484 -596.521 -635.366 -672.819 -708.641 -742.819 -775.307 -806.292 -836.097 -865.196 -894.42 -924.638 -919.633 -879.906 -840.001 -810.604 -840.574 -872.731 -907.403 -944.488 -983.525 -1023.41 -1063.3 -1102.05 -1138.82 -1173.05 -1204.37 -1232.57 -1257.34 -1278.34 -1295.03 -1306.81 -1313.03 -1313.16 -1306.89 -1294.15 -1275.24 -1250.7
-107.292 -133.288 -161.748 -192.729 -226.115 -261.863 -299.681 -339.198 -379.913 -421.316 -462.874 -504.143 -544.779 -584.517 -623.19 -660.656 -696.814 -731.629 -765.102 -797.409 -828.843 -859.804 -891.044 -923.264 -9999 -879.88 -839.938 -800.465 -827.011 -858.97 -893.152 -929.567 -967.861 -1007.39 -1047.42 -1087.08 -1125.54 -1162.05 -1196.04 -1227.07 -1254.78 -1278.73 -1298.31 -1312.74 -1321.2 -1322.98 -1317.66 -1305.2 -1285.93 -1260.57
-99.8943 -125.59 -153.756 -184.436 -217.612 -253.172 -290.836 -330.227 -370.808 -412.037 -453.366 -494.346 -534.671 -574.135 -612.647 -650.143 -686.582 -721.976 -756.355 -789.818 -822.685 -855.267 -888.254 -922.27 -9999 -879.86 -839.891 -800.356 -814.693 -846.468 -880.231 -916.107 -953.782 -992.79 -1032.56 -1072.63 -1112.29 -1150.73 -1187.14 -1220.86 -1251.42 -1278.34 -1300.91 -1318.17 -1329.03 -1332.55 -1328.16 -1315.81 -1295.97 -1269.57
-93.5332 -118.93 -146.803 -177.215 -210.166 -245.56 -283.115 -322.436 -362.952 -404.076 -445.238 -485.981 -526.028 -565.229 -603.569 -641.067 -677.738 -713.632 -748.772 -783.282 -817.396 -851.377 -885.868 -921.44 -9999 -879.843 -839.854 -800.273 -803.593 -835.109 -868.561 -904.042 -941.205 -979.652 -1018.88 -1058.92 -1099.33 -1139.35 -1177.94 -1214.18 -1247.5 -1277.34 -1302.99 -1323.28 -1336.75 -1342.11 -1338.58 -1326.14 -1305.46 -1277.74
-88.1111 -113.213 -140.795 -170.943 -203.678 -238.931 -276.418 -315.725 -356.253 -397.332 -438.392 -478.95 -518.744 -557.687 -595.827 -633.28 -670.12 -706.427 -742.232 -777.624 -812.808 -847.982 -883.752 -920.666 -9999 -9999 -839.825 -800.208 -793.692 -824.873 -858.074 -893.336 -930.153 -967.947 -1006.54 -1046.16 -1086.87 -1128.11 -1168.68 -1207.29 -1243.17 -1275.83 -1304.61 -1328.14 -1344.49 -1351.82 -1349.05 -1336.24 -1314.4 -1285.08
-83.5529 -108.367 -135.662 -165.548 -198.08 -233.209 -270.667 -310.015 -350.596 -391.721 -432.748 -473.174 -512.743 -551.431 -589.326 -626.681 -663.616 -700.241 -736.592 -772.725 -808.811 -844.985 -881.826 -919.883 -9999 -9999 -839.802 -800.157 -784.946 -815.692 -848.703 -883.975 -920.689 -957.973 -995.726 -1034.54 -1075.09 -1117.2 -1159.55 -1200.35 -1238.58 -1273.85 -1305.74 -1332.76 -1352.33 -1361.79 -1359.62 -1346.05 -1322.65 -1291.5
-79.8068 -104.348 -131.364 -160.991 -193.322 -228.35 -265.815 -305.253 -345.956 -387.178 -428.238 -468.594 -507.969 -546.36 -584.006 -621.205 -658.163 -695.013 -731.79 -768.524 -805.352 -842.347 -880.063 -919.069 -9999 -9999 -839.783 -800.115 -777.326 -807.5 -840.403 -875.961 -912.906 -949.812 -986.619 -1024.29 -1064.24 -1106.82 -1150.75 -1193.62 -1233.87 -1271.41 -1306.27 -1337.01 -1360.24 -1372.01 -1370.17 -1355.34 -1329.96 -1296.81
-76.8425 -101.134 -127.889 -157.266 -189.402 -224.344 -261.847 -301.415 -342.28 -383.647 -424.801 -465.154 -504.379 -542.489 -579.831 -616.825 -653.743 -690.731 -727.822 -765.02 -802.433 -840.077 -878.447 -918.247 -9999 -9999 -839.767 -800.081 -770.834 -800.334 -833.064 -869.313 -906.921 -943.604 -979.363 -1015.67 -1054.64 -1097.29 -1142.55 -1187.29 -1229.23 -1268.54 -1306.02 -1340.64 -1368.04 -1382.35 -1380.41 -1363.64 -1335.92 -1300.83
-74.6486 -98.728 -125.252 -154.398 -186.347 -221.219 -258.786 -298.504 -339.545 -381.08 -422.371 -462.79 -501.923 -539.757 -576.774 -613.536 -650.372 -687.428 -724.729 -762.26 -800.107 -838.258 -877.11 -917.479 -9999 -9999 -839.754 -800.054 -765.529 -794.011 -826.719 -864.078 -902.828 -939.407 -974.048 -1008.91 -1046.68 -1089.04 -1135.34 -1181.72 -1224.93 -1265.38 -1304.93 -1343.28 -1375.26 -1392.33 -1389.71 -1370.25 -1340.07 -1303.4
-73.227 -97.1487 -123.494 -152.449 -184.229 -219.046 -256.692 -296.552 -337.746 -379.428 -420.862 -461.399 -500.509 -538.089 -574.796 -611.341 -648.085 -685.162 -722.585 -760.326 -798.456 -836.952 -876.107 -916.848 -9999 -9999 -839.995 -800.035 -761.592 -789.013 -821.566 -860.351 -900.596 -937.094 -970.593 -1004.16 -1040.79 -1082.68 -1129.64 -1177.3 -1221.36 -1262.28 -1303.09 -1344.55 -1381.06 -1400.94 -1397 -1374.38 -1342.18 -1304.65
-72.5859 -96.4203 -122.664 -151.501 -183.161 -217.943 -255.656 -295.603 -336.884 -378.648 -420.172 -460.811 -499.961 -537.345 -573.839 -610.242 -646.922 -683.997 -721.469 -759.305 -797.568 -836.229 -875.524 -916.438 -9999 -9999 -839.99 -800.024 -760.49 -785.893 -818.242 -858.249 -899.849 -936.013 -968.721 -1001.46 -1037.34 -1078.83 -1126.07 -1174.46 -1218.95 -1259.94 -1301.11 -1344.37 -1384.2 -1406.5 -1401.11 -1375.78 -1342.68 -1304.96
-72.7326 -96.5607 -122.798 -151.628 -183.28 -218.055 -255.758 -295.694 -336.963 -378.715 -420.226 -460.853 -499.99 -537.363 -573.846 -610.239 -646.908 -683.971 -721.431 -759.252 -797.5 -836.144 -875.415 -916.303 -9999 -9999 -839.99 -800.023 -760.488 -785.654 -817.92 -857.83 -899.368 -935.491 -968.138 -1000.78 -1036.55 -1077.91 -1125.08 -1173.52 -1218.11 -1259.14 -1300.31 -1343.59 -1383.88 -1406.7 -1401.37 -1375.87 -1342.64 -1304.81
-73.6679 -97.5709 -123.897 -152.83 -184.588 -219.38 -256.998 -296.825 -337.984 -379.628 -421.024 -461.524 -500.598 -538.144 -574.819 -611.332 -648.043 -685.085 -722.471 -760.171 -798.254 -836.7 -875.785 -916.447 -9999 -9999 -839.993 -800.032 -761.016 -788.286 -820.609 -859.126 -899.176 -935.531 -968.846 -1002.15 -1038.45 -1080 -1126.79 -1174.59 -1218.91 -1260.03 -1300.93 -1342.75 -1380.41 -1401.5 -1397.73 -1374.71 -1342.08 -1304.23
-75.3866 -99.4351 -125.926 -155.037 -186.948 -221.778 -259.297 -298.96 -339.942 -381.414 -422.643 -463 -502.073 -539.851 -576.814 -613.522 -650.304 -687.302 -724.542 -762.006 -799.776 -837.847 -876.584 -916.824 -9999 -9999 -839.752 -800.049 -764.55 -792.784 -825.142 -862.105 -900.522 -936.826 -971.156 -1005.6 -1042.87 -1084.77 -1130.89 -1177.52 -1221.16 -1261.98 -1301.94 -1341.14 -1374.69 -1393.16 -1390.79 -1370.85 -1340.02 -1302.81
-77.8822 -102.13 -128.839 -158.166 -190.247 -225.13 -262.564 -302.055 -342.836 -384.118 -425.184 -465.451 -504.593 -542.624 -579.89 -616.81 -653.653 -690.561 -727.569 -764.674 -801.983 -839.508 -877.731 -917.358 -9999 -9999 -839.763 -800.073 -769.44 -798.54 -830.887 -866.639 -903.787 -940.055 -975.375 -1011.14 -1049.51 -1091.69 -1136.86 -1181.99 -1224.52 -1264.46 -1302.75 -1338.64 -1367.75 -1383.4 -1381.78 -1364.51 -1336 -1300.16
-81.1542 -105.639 -132.596 -162.158 -194.417 -229.366 -266.741 -306.08 -346.676 -387.787 -428.734 -468.98 -508.249 -546.54 -584.088 -621.193 -658.055 -694.805 -731.478 -768.097 -804.795 -841.64 -879.177 -917.97 -9999 -9999 -839.777 -800.105 -775.516 -805.272 -837.648 -872.624 -908.995 -945.354 -981.611 -1018.65 -1058 -1100.21 -1144.21 -1187.61 -1228.65 -1267.1 -1303.12 -1335.4 -1360.33 -1373.3 -1371.76 -1356.45 -1330.22 -1296.17
-85.2152 -109.961 -137.182 -166.986 -199.429 -234.459 -271.806 -311.033 -351.512 -392.472 -433.361 -473.654 -513.094 -551.659 -589.436 -626.676 -663.496 -700.003 -736.23 -772.228 -808.163 -844.161 -880.794 -918.603 -9999 -9999 -839.795 -800.144 -782.726 -812.982 -845.425 -880.006 -916.047 -952.676 -989.799 -1027.95 -1067.98 -1109.89 -1152.53 -1194.07 -1233.25 -1269.71 -1303.02 -1331.68 -1352.83 -1363.32 -1361.4 -1347.37 -1323.09 -1290.94
-90.0966 -115.117 -142.611 -172.661 -205.289 -240.422 -277.776 -316.938 -357.307 -398.229 -439.128 -479.528 -519.171 -557.968 -595.97 -633.289 -669.996 -706.168 -741.832 -777.072 -812.086 -847.063 -882.6 -919.239 -9999 -9999 -839.816 -800.192 -791.081 -821.702 -854.243 -888.77 -924.832 -961.89 -999.793 -1038.81 -1079.16 -1120.44 -1161.52 -1201.05 -1238.09 -1272.14 -1302.48 -1327.64 -1345.41 -1353.62 -1351.03 -1337.75 -1315.03 -1284.66
-95.851 -121.154 -148.923 -179.221 -212.045 -247.299 -284.699 -323.851 -364.187 -405.126 -446.102 -486.664 -526.535 -565.57 -603.752 -641.096 -677.618 -713.362 -748.347 -782.691 -816.621 -850.388 -884.627 -919.901 -9999 -879.836 -839.843 -800.253 -800.611 -831.507 -864.236 -898.917 -935.261 -972.862 -1011.48 -1051.04 -1091.31 -1131.62 -1170.95 -1208.3 -1242.95 -1274.3 -1301.55 -1323.37 -1338.09 -1344.17 -1340.74 -1327.83 -1306.27 -1277.47
-102.554 -128.142 -156.189 -186.737 -219.768 -255.166 -292.652 -331.85 -372.227 -413.246 -454.364 -495.138 -535.265 -574.541 -612.875 -650.201 -686.475 -721.706 -755.922 -789.205 -821.878 -854.236 -886.958 -920.656 -9999 -879.852 -839.878 -800.332 -811.375 -842.469 -875.451 -910.47 -947.283 -985.541 -1024.67 -1064.45 -1104.23 -1143.23 -1180.59 -1215.57 -1247.59 -1276.07 -1300.19 -1318.86 -1330.79 -1334.88 -1330.5 -1317.65 -1296.94 -1269.45
-110.305 -136.179 -164.504 -195.325 -228.557 -264.121 -301.738 -341.038 -381.524 -422.69 -464.013 -505.051 -545.467 -584.994 -623.471 -660.749 -696.729 -731.372 -764.67 -796.795 -828.029 -858.76 -889.726 -921.616 -9999 -879.871 -839.923 -800.435 -823.395 -854.621 -887.959 -923.471 -960.889 -999.695 -1039.26 -1078.86 -1117.71 -1155.04 -1190.19 -1222.57 -1251.78 -1277.26 -1298.3 -1313.98 -1323.33 -1325.55 -1320.16 -1307.17 -1287.02 -1260.59
-119.224 -145.383 -173.987 -205.051 -238.535 -274.296 -312.082 -351.538 -392.196 -433.579 -475.184 -516.527 -557.27 -597.076 -635.705 -672.955 -708.588 -742.585 -774.896 -805.697 -835.301 -864.17 -893.117 -922.935 -919.626 -879.896 -839.983 -807.408 -836.706 -868.075 -901.849 -937.997 -976.106 -1015.44 -1055.09 -1094.06 -1131.5 -1166.75 -1199.37 -1228.98 -1255.24 -1277.69 -1295.69 -1308.54 -1315.49 -1315.93 -1309.51 -1296.22 -1276.42 -1250.82
