Risk analysis/3D Model Exports/V3 - faulted anticlinal trap - 2 res (thick + thin)/ModelV3Export_isohypses_Seal.asc
ncols 50
nrows 50
xllcenter 20
yllcenter 20
cellsize 40
nodata_value -9999
-1 -1 -1 -1 -1 -15.6159 -40.4015 -66.1857 -92.7978 -120.032 -147.646 -175.368 -202.899 -229.93 -256.139 -281.219 -304.894 -326.942 -347.212 -365.645 -382.273 -397.226 -410.68 -422.9 -434.148 -444.687 -454.76 -464.571 -474.276 -483.984 -493.75 -503.582 -513.442 -523.251 -532.894 -542.227 -551.082 -559.279 -566.628 -572.944 -578.049 -581.781 -584.003 -584.602 -583.499 -580.648 -576.036 -569.686 -561.649 -552.007
-1 -1 -1 -1 -1 -1 -20.9049 -47.456 -74.9388 -103.151 -131.853 -160.768 -189.591 -217.999 -245.659 -272.242 -297.45 -321.031 -342.811 -362.705 -380.726 -396.996 -411.687 -425.074 -437.432 -449.042 -460.167 -471.028 -481.801 -492.605 -503.506 -514.515 -525.594 -536.658 -547.579 -558.195 -568.319 -577.744 -586.257 -593.658 -599.702 -604.247 -607.125 -608.209 -607.41 -604.682 -600.016 -593.445 -585.031 -574.854
-1 -1 -1 -1 -1 -1 -1.32366 -28.5476 -56.8013 -85.8876 -115.569 -145.57 -175.579 -205.264 -234.283 -262.292 -288.97 -314.046 -337.318 -358.678 -378.12 -395.752 -411.733 -426.347 -439.876 -452.617 -464.847 -476.808 -488.692 -500.634 -512.711 -524.941 -537.288 -549.662 -561.926 -573.9 -585.375 -596.129 -605.885 -614.434 -621.531 -626.968 -630.564 -632.181 -631.72 -629.13 -624.406 -617.587 -608.755 -598.025
-1 -1 -1 -1 -1 -1 -1 -10.1175 -39.0517 -68.9161 -99.4767 -130.458 -161.547 -192.429 -222.673 -252.004 -280.058 -306.544 -331.24 -354.008 -374.839 -393.805 -411.082 -426.934 -441.654 -455.55 -468.921 -482.024 -495.053 -508.175 -521.438 -534.917 -548.561 -562.282 -575.935 -589.324 -602.219 -614.359 -625.468 -635.266 -643.488 -649.892 -654.275 -656.476 -656.386 -653.95 -649.166 -642.085 -632.805 -621.465
-1 -1 -1 -1 -1 -1 -1 -1 -23.022 -53.6011 -84.9722 -116.86 -148.951 -180.896 -212.334 -242.901 -272.245 -300.063 -326.107 -350.224 -372.379 -392.628 -411.137 -428.159 -443.992 -458.95 -473.344 -487.452 -501.498 -515.659 -530.028 -544.667 -559.545 -574.522 -589.613 -604.457 -618.824 -632.426 -644.95 -656.08 -665.509 -672.962 -678.2 -681.04 -681.358 -679.092 -674.245 -666.881 -657.117 -645.118
-1 -1 -1 -1 -1 -1 -1 -1 -8.77082 -40.0129 -72.138 -104.871 -137.896 -170.861 -203.397 -235.131 -265.694 -294.779 -322.121 -347.548 -371.004 -392.528 -412.271 -430.477 -447.44 -463.494 -478.914 -494.036 -509.086 -524.253 -539.663 -555.376 -571.374 -585.453 -602.136 -618.638 -634.686 -649.957 -664.098 -676.738 -687.515 -696.102 -702.268 -705.808 -706.574 -704.498 -699.586 -691.915 -681.627 -668.917
-1 -1 -1 -1 -1 -1 -1 -1 -1 -28.1156 -60.9449 -94.4689 -128.368 -162.285 -195.851 -228.681 -260.401 -290.692 -319.28 -345.978 -370.711 -393.502 -414.485 -433.89 -452.002 -469.152 -485.641 -501.793 -517.859 -534.043 -550.492 -567.279 -584.401 -594.709 -612.907 -631.001 -648.713 -665.703 -681.589 -695.961 -708.409 -718.544 -726.023 -730.561 -731.951 -730.101 -725.123 -717.122 -706.266 -692.787
-1 -1 -1 -1 -1 -1 -1 -1 -1 -17.8426 -51.3316 -85.5966 -120.316 -155.134 -189.656 -223.515 -256.325 -287.762 -317.544 -345.475 -371.462 -395.513 -417.742 -438.362 -457.648 -475.921 -493.499 -510.7 -527.792 -544.998 -562.483 -580.34 -598.584 -602.466 -622.066 -641.645 -660.929 -679.571 -697.163 -713.26 -727.402 -739.147 -748.095 -753.915 -756.359 -755.276 -750.616 -742.424 -730.956 -716.646
-1 -1 -1 -1 -1 -1 -1 -1 -1 -9.10246 -43.2106 -78.1705 -113.659 -149.319 -184.738 -219.559 -253.395 -285.916 -316.841 -345.966 -373.185 -398.488 -421.971 -443.825 -464.312 -483.738 -502.427 -520.693 -538.82 -557.048 -575.561 -594.473 -599.775 -608.898 -629.763 -650.691 -671.425 -691.62 -710.852 -728.643 -744.485 -757.875 -768.348 -775.512 -779.071 -778.84 -774.756 -766.87 -755.338 -740.396
-1 -1 -1 -1 -1 -1 -1 -1 -1 -1.78466 -36.4773 -72.0872 -108.295 -144.739 -180.996 -216.714 -251.51 -285.055 -317.071 -347.351 -375.779 -402.328 -427.073 -450.181 -471.894 -492.501 -512.321 -531.668 -550.84 -570.075 -589.597 -609.538 -600.104 -614.168 -636.144 -658.268 -680.308 -701.932 -722.715 -742.152 -759.686 -774.749 -786.801 -795.384 -800.111 -800.772 -797.292 -789.721 -778.237 -763.11
-1 -1 -1 -1 -1 -1 -1 -1 -1 -1 -31.0018 -67.2249 -104.105 -141.276 -178.312 -214.863 -250.551 -285.057 -318.109 -349.505 -379.118 -406.907 -432.922 -457.304 -480.265 -502.078 -523.045 -543.478 -563.676 -583.909 -604.407 -625.332 -600.311 -618.421 -641.345 -664.498 -687.685 -710.602 -732.831 -753.851 -773.062 -789.825 -803.512 -813.56 -819.529 -821.135 -818.269 -810.995 -799.525 -784.195
-1 -1 -1 -1 -1 -1 -1 -1 -1 -1 -26.6551 -63.452 -100.959 -138.801 -176.557 -213.872 -250.383 -285.782 -319.816 -352.285 -383.059 -412.087 -439.371 -465.042 -489.278 -512.306 -534.427 -555.939 -577.144 -598.33 -619.749 -639.527 -599.608 -621.783 -645.486 -669.497 -693.666 -717.729 -741.289 -763.823 -784.692 -803.185 -818.57 -830.17 -837.441 -840.028 -837.787 -830.789 -819.286 -803.672
-1 -1 -1 -1 -1 -1 -1 -1 -1 -1 -23.2984 -60.6309 -98.7195 -137.18 -175.591 -213.599 -250.859 -287.083 -322.037 -355.535 -387.443 -417.689 -446.258 -473.229 -498.743 -522.999 -546.265 -568.829 -590.995 -613.071 -635.332 -639.7 -600.498 -624.365 -648.678 -673.373 -698.357 -723.413 -748.185 -772.158 -794.69 -814.927 -832.085 -845.324 -853.974 -857.584 -855.966 -849.2 -837.59 -821.61
-1 -1 -1 -1 -1 -1 -1 -1 -1 -1 -20.7918 -58.6226 -97.2487 -136.272 -175.275 -213.902 -251.831 -288.804 -324.62 -359.092 -392.104 -423.557 -453.408 -481.685 -508.48 -533.955 -558.336 -581.907 -604.954 -627.825 -650.823 -639.819 -601.912 -626.27 -651.021 -676.23 -701.861 -727.757 -753.613 -778.948 -803.081 -825.155 -844.177 -859.165 -869.282 -873.957 -872.949 -866.348 -854.529 -838.069
-1 -1 -1 -1 -1 -1 -1 -1 -1 -1 -18.9978 -57.2907 -96.4111 -135.944 -175.47 -214.637 -253.151 -290.79 -327.388 -362.79 -396.872 -429.518 -460.645 -490.226 -518.295 -544.96 -570.406 -594.889 -618.724 -642.266 -665.87 -639.904 -602.973 -627.588 -652.613 -678.167 -704.278 -730.857 -757.668 -784.279 -810.022 -833.966 -854.97 -871.841 -883.533 -889.318 -888.888 -882.357 -870.193 -853.11
-1 -1 -1 -1 -1 -1 -1 -1 -1 -1 -17.7851 -56.5062 -96.0779 -136.067 -176.047 -215.669 -254.675 -292.89 -330.194 -366.466 -401.581 -435.397 -467.79 -498.668 -527.992 -555.804 -582.237 -607.527 -632.005 -656.066 -679.504 -639.966 -603.696 -628.408 -653.546 -679.284 -705.712 -732.814 -760.437 -788.229 -815.56 -841.447 -864.578 -883.502 -896.897 -903.839 -903.936 -897.343 -884.66 -866.777
-1 -1 -1 -1 -1 -1 -1 -1 -1 -1 -17.0318 -56.1465 -96.1301 -136.522 -176.885 -216.875 -256.271 -294.962 -332.887 -369.965 -406.069 -441.031 -474.672 -506.829 -537.383 -566.286 -593.608 -619.564 -644.511 -668.913 -679.583 -639.763 -604.157 -628.811 -653.912 -679.684 -706.27 -733.731 -762.011 -790.867 -819.752 -847.659 -873.096 -894.282 -909.541 -917.685 -918.23 -911.397 -897.973 -879.083
-1 -1 -1 -1 -1 -1 -1 -1 -1 -1 -16.6276 -56.1036 -96.4606 -137.206 -177.88 -218.143 -257.821 -296.879 -335.332 -373.146 -410.192 -446.263 -481.126 -514.543 -546.293 -576.224 -604.32 -630.771 -655.987 -680.528 -679.642 -639.8 -604.423 -628.876 -653.806 -679.476 -706.073 -733.725 -762.486 -792.289 -822.633 -852.634 -880.586 -904.297 -921.612 -931.001 -931.874 -924.566 -910.126 -889.993
-1 -1 -1 -1 -1 -1 -1 -1 -1 -1 -16.4758 -56.2814 -96.976 -138.026 -178.942 -219.383 -259.225 -298.529 -337.412 -375.891 -413.824 -450.957 -487.002 -521.646 -554.562 -585.458 -614.203 -640.959 -666.215 -690.677 -679.688 -639.829 -604.55 -628.679 -653.326 -678.779 -705.253 -732.931 -761.979 -792.505 -824.226 -856.372 -887.073 -913.625 -933.226 -943.893 -944.92 -936.827 -921.041 -899.419
-1 -1 -1 -1 -1 -1 -1 -1 -1 -1 -16.4942 -56.5972 -97.593 -138.905 -179.999 -220.526 -260.405 -299.824 -339.035 -378.11 -416.871 -455.002 -492.161 -527.985 -562.039 -593.851 -623.127 -649.98 -675.024 -699.178 -679.723 -639.852 -604.582 -628.288 -652.571 -677.725 -703.966 -731.514 -760.64 -791.655 -824.561 -858.838 -892.523 -922.283 -944.439 -956.401 -957.336 -948.061 -930.548 -907.207
-1 -1 -1 -1 -1 -1 -1 -1 -1 -1 -16.6155 -56.9812 -98.2441 -139.779 -180.999 -221.523 -261.311 -300.706 -340.144 -379.755 -419.28 -458.314 -496.484 -533.408 -568.574 -601.296 -630.994 -657.73 -682.298 -705.906 -679.748 -639.87 -604.547 -627.77 -651.647 -676.453 -702.385 -729.674 -758.674 -789.871 -823.705 -859.986 -896.837 -930.193 -955.212 -968.46 -968.972 -958.018 -938.37 -913.162
-1 -1 -1 -1 -1 -1 -1 -1 -1 -1 -16.7868 -57.3758 -98.8685 -140.591 -181.898 -222.352 -261.929 -301.149 -340.725 -380.832 -421.05 -460.859 -499.877 -537.765 -574.006 -607.662 -637.727 -664.14 -687.975 -710.827 -679.766 -639.883 -604.465 -627.19 -650.66 -675.113 -700.703 -727.645 -756.349 -787.469 -821.817 -859.799 -899.843 -937.121 -965.346 -979.867 -979.522 -966.298 -944.145 -917.102
-1 -1 -1 -1 -1 -1 -1 -1 -1 -1 -16.9691 -57.7347 -99.4119 -141.287 -182.658 -223.012 -262.283 -301.172 -340.821 -381.41 -422.233 -462.647 -502.296 -540.926 -578.136 -612.817 -643.236 -669.15 -692.059 -713.969 -679.778 -639.891 -604.341 -626.611 -649.717 -673.853 -699.115 -725.688 -753.997 -784.806 -819.23 -858.385 -901.342 -942.586 -974.414 -990.209 -988.493 -972.353 -947.518 -919.001
-1 -1 -1 -1 -1 -1 -1 -1 -1 -1 -17.1355 -58.0219 -99.8279 -141.812 -183.231 -223.503 -262.444 -300.859 -340.57 -381.63 -422.924 -463.742 -503.774 -542.838 -580.756 -616.539 -647.334 -672.652 -694.617 -715.592 -679.785 -639.896 -604.178 -626.091 -648.917 -672.806 -697.803 -724.055 -751.981 -782.382 -816.523 -856.135 -901.276 -945.816 -981.642 -998.756 -995.153 -975.63 -948.441 -919.202
-1 -1 -1 -1 -1 -1 -1 -1 -1 -1 -17.2696 -58.2126 -100.08 -142.118 -183.561 -223.792 -262.51 -300.421 -340.255 -381.67 -423.221 -464.229 -504.419 -543.626 -581.788 -618.494 -649.611 -674.439 -695.759 -716.102 -679.787 -639.897 -603.976 -625.679 -648.339 -672.076 -696.907 -722.955 -750.626 -780.717 -814.508 -853.972 -900.2 -946.372 -985.805 -1004.01 -998.51 -976.098 -947.725 -918.536
-1 -1 -1 -1 -1 -1 -1 -1 -1 -1 -17.3643 -58.2944 -100.148 -142.171 -183.601 -223.817 -262.522 -300.42 -340.24 -381.64 -423.176 -464.17 -504.344 -543.535 -581.68 -618.371 -649.474 -674.283 -695.577 -715.885 -679.786 -639.896 -603.735 -625.406 -648.026 -671.72 -696.505 -722.505 -750.125 -780.159 -813.883 -853.262 -899.438 -945.58 -984.945 -1003.17 -997.666 -975.288 -947.002 -917.887
-1 -1 -1 -1 -1 -1 -1 -1 -1 -1 -17.4205 -58.2682 -100.033 -141.974 -183.35 -223.58 -262.481 -300.857 -340.527 -381.543 -422.792 -463.565 -503.55 -542.566 -580.433 -616.168 -646.919 -672.178 -694.065 -714.934 -679.781 -639.891 -603.455 -625.269 -647.98 -671.739 -696.598 -722.704 -750.475 -780.701 -814.635 -853.997 -898.955 -943.378 -979.097 -996.241 -992.668 -973.251 -946.279 -917.248
-1 -1 -1 -1 -1 -1 -1 -1 -1 -1 -17.4471 -58.1483 -99.7568 -141.56 -182.859 -223.144 -262.348 -301.171 -340.751 -381.268 -422.016 -462.354 -501.925 -540.474 -577.601 -612.199 -642.535 -668.349 -691.125 -712.858 -679.772 -639.882 -603.135 -625.24 -648.155 -672.077 -697.108 -723.435 -751.478 -781.988 -816.059 -854.814 -897.444 -938.49 -970.227 -986.078 -984.457 -968.5 -943.958 -915.751
-1 -1 -1 -1 -1 -1 -1 -1 -1 -1 -17.462 -57.961 -99.3577 -140.981 -182.187 -222.543 -262.026 -301.152 -340.632 -380.638 -420.753 -460.455 -499.365 -537.139 -573.264 -606.801 -636.741 -663.006 -686.653 -709.26 -679.758 -639.87 -602.775 -625.272 -648.477 -672.634 -697.9 -724.494 -752.818 -783.512 -817.372 -854.831 -894.435 -931.459 -959.62 -974.223 -974.043 -961.071 -939.264 -912.598
-1 -1 -1 -1 -1 -1 -1 -1 -1 -1 -17.4936 -57.7438 -98.8839 -140.291 -181.383 -221.781 -261.447 -300.72 -340.034 -379.517 -418.91 -457.809 -495.838 -532.618 -567.634 -600.199 -629.728 -656.267 -680.593 -703.893 -679.737 -639.854 -602.379 -625.31 -648.851 -673.281 -698.799 -725.639 -754.148 -784.802 -818.035 -853.704 -890.049 -923.118 -948.081 -961.443 -962.178 -951.532 -932.269 -907.478
-1 -1 -1 -1 -1 -1 -1 -1 -1 -1 -17.5825 -57.5446 -98.391 -139.548 -180.487 -220.859 -260.586 -299.856 -338.916 -377.835 -416.436 -454.403 -491.394 -527.043 -560.914 -592.532 -621.596 -648.204 -672.955 -696.746 -679.709 -639.833 -601.944 -625.297 -649.177 -673.878 -699.62 -726.624 -755.158 -785.502 -817.752 -851.365 -884.517 -913.977 -936.081 -948.178 -949.372 -940.442 -923.339 -900.44
-1 -1 -1 -1 -1 -1 -1 -1 -1 -1 -17.7825 -57.4224 -97.9413 -138.809 -179.541 -219.8 -259.462 -298.588 -337.292 -375.589 -413.336 -450.279 -486.128 -520.568 -553.269 -583.936 -612.429 -638.896 -663.811 -687.861 -679.671 -639.806 -601.461 -625.177 -649.356 -674.285 -700.182 -727.231 -755.6 -785.378 -816.39 -847.85 -878.019 -904.274 -923.825 -934.637 -935.94 -928.21 -912.846 -891.675
-1 -1 -1 -1 -1 -1 -1 -1 -1 -1 -18.162 -57.4478 -97.6032 -138.14 -178.602 -218.655 -258.125 -296.976 -335.224 -372.829 -409.664 -445.519 -480.16 -513.346 -544.854 -574.523 -602.33 -628.453 -653.287 -677.373 -679.622 -639.774 -600.946 -624.892 -649.293 -674.373 -700.322 -727.273 -755.288 -784.287 -813.896 -843.214 -870.65 -894.077 -911.344 -920.879 -922.03 -915.086 -901.066 -881.381
-1 -1 -1 -1 -1 -1 -1 -1 -1 -1 -18.8041 -57.7044 -97.4611 -137.618 -177.742 -217.494 -256.654 -295.111 -332.802 -369.646 -405.514 -440.236 -473.632 -505.535 -535.819 -564.432 -591.435 -617.028 -641.559 -665.472 -679.559 -639.983 -600.495 -624.378 -648.895 -674.019 -699.898 -726.599 -754.082 -782.133 -810.245 -837.485 -862.431 -883.35 -898.565 -906.847 -907.661 -901.182 -888.164 -869.707
-1 -1 -1 -1 -1 -1 -1 -1 -1 -1 -19.8059 -58.2881 -97.609 -137.337 -177.051 -216.408 -255.149 -293.103 -330.147 -366.16 -401.015 -434.57 -466.696 -497.297 -526.328 -553.826 -579.913 -604.814 -628.847 -652.393 -675.861 -639.932 -599.812 -623.567 -648.072 -673.112 -698.783 -725.081 -751.875 -778.847 -805.413 -830.657 -853.326 -871.999 -885.351 -892.42 -892.768 -886.508 -874.209 -856.738
-1 -1 -1 -1 -1 -1 -1 -1 -1 -1 -21.2781 -59.3099 -98.1545 -137.401 -176.635 -215.509 -253.731 -291.082 -327.395 -362.514 -396.314 -428.676 -459.515 -488.8 -516.557 -542.887 -567.966 -592.041 -615.408 -638.415 -661.401 -639.864 -599.983 -622.387 -646.736 -671.55 -696.865 -722.609 -748.573 -774.363 -799.36 -822.687 -843.255 -859.891 -871.537 -877.434 -877.232 -871.006 -859.198 -842.499
-1 -1 -1 -1 -1 -1 -1 -1 -1 -1 -23.3428 -60.89 -99.2167 -137.929 -176.614 -214.921 -252.532 -289.19 -324.696 -358.862 -391.569 -422.72 -452.264 -480.226 -506.693 -531.816 -555.815 -578.96 -601.525 -623.847 -646.216 -639.771 -599.88 -620.757 -644.798 -669.233 -694.04 -719.082 -744.084 -768.607 -792.016 -813.501 -832.111 -846.874 -856.94 -861.708 -860.9 -854.573 -843.076 -826.968
-1 -1 -1 -1 -1 -1 -1 -1 -1 -1 -26.131 -63.1582 -100.924 -139.049 -177.119 -214.781 -251.697 -287.58 -322.2 -355.368 -386.951 -416.875 -445.119 -471.759 -496.93 -520.822 -543.692 -565.818 -587.494 -609.013 -630.641 -639.642 -599.734 -618.594 -642.167 -666.064 -690.206 -714.399 -738.319 -761.495 -783.306 -803.004 -819.768 -832.787 -841.376 -845.056 -843.608 -837.081 -825.757 -810.094
-1 -1 -1 -1 -1 -1 -1 -1 -1 -1 -29.7799 -66.2505 -103.413 -140.897 -178.286 -215.231 -251.372 -286.407 -320.082 -352.199 -382.627 -411.307 -438.258 -463.584 -487.464 -510.115 -531.831 -552.897 -573.606 -594.233 -615.02 -636.16 -600.265 -615.804 -638.747 -661.944 -685.261 -708.46 -731.179 -752.935 -773.132 -791.086 -806.091 -817.469 -824.665 -827.296 -825.192 -818.396 -807.141 -791.81
-1 -1 -1 -1 -1 -1 -1 -1 -1 -1 -34.4291 -70.3056 -106.82 -143.609 -180.257 -216.414 -251.708 -285.825 -318.496 -349.518 -378.766 -406.196 -431.854 -455.877 -478.47 -499.897 -520.45 -540.432 -560.13 -579.806 -599.676 -619.896 -600.117 -612.285 -634.436 -656.767 -679.101 -701.16 -722.564 -742.828 -761.389 -777.634 -790.948 -800.77 -806.645 -808.266 -805.501 -798.392 -787.139 -772.038
-1 -1 -1 -1 -1 -1 -1 -1 -1 -5.86623 -40.2165 -75.4601 -111.282 -147.322 -183.169 -218.471 -252.85 -285.984 -317.596 -347.481 -375.525 -401.697 -426.07 -448.806 -470.138 -490.35 -509.749 -528.641 -547.316 -565.992 -584.894 -604.142 -599.888 -607.924 -629.121 -650.421 -671.614 -692.395 -712.372 -731.075 -747.98 -762.54 -774.223 -782.559 -787.175 -787.845 -784.406 -776.956 -765.641 -750.728
-1 -1 -1 -1 -1 -1 -1 -1 -1 -13.5223 -47.2701 -81.845 -116.927 -152.163 -187.151 -221.534 -254.932 -287.02 -317.52 -346.231 -373.046 -397.955 -421.051 -442.519 -462.615 -481.635 -499.898 -517.705 -535.332 -553.008 -570.909 -589.144 -599.8 -602.589 -622.676 -642.787 -662.687 -682.056 -700.506 -717.587 -732.818 -745.713 -755.817 -762.731 -766.149 -765.87 -761.813 -754.013 -742.613 -727.839
-1 -1 -1 -1 -1 -1 -1 -1 -1 -22.6083 -55.7193 -89.5812 -123.875 -158.247 -192.321 -225.721 -258.072 -289.055 -318.393 -345.89 -371.456 -395.095 -416.922 -437.143 -456.027 -473.887 -491.031 -507.769 -524.36 -541.018 -557.901 -575.097 -592.637 -596.132 -614.96 -633.735 -652.204 -670.045 -686.879 -702.288 -715.835 -727.093 -735.666 -741.22 -743.497 -742.333 -737.663 -729.522 -718.226 -704.133
-1 -1 -1 -1 -1 -1 -1 -1 -1.74076 -33.2333 -65.6672 -98.7703 -132.227 -165.684 -198.777 -231.129 -262.37 -292.189 -320.313 -346.558 -370.853 -393.217 -413.783 -432.775 -450.474 -467.203 -483.249 -498.934 -514.499 -530.14 -545.996 -562.139 -578.564 -588.386 -605.826 -623.135 -640.055 -656.271 -671.425 -685.131 -696.998 -706.65 -713.747 -718.002 -719.198 -717.277 -712.315 -704.395 -693.676 -680.378
-1 -1 -1 -1 -1 -1 -1 -1 -14.6291 -45.4872 -77.2 -109.495 -142.059 -174.546 -206.592 -237.83 -267.897 -296.491 -323.351 -348.309 -371.309 -392.391 -411.702 -429.483 -446.02 -461.626 -476.614 -491.265 -505.814 -520.442 -535.27 -550.354 -565.68 -579.174 -595.121 -610.858 -626.14 -640.666 -654.102 -666.098 -676.308 -684.435 -690.247 -693.526 -694.123 -691.96 -687.033 -679.409 -669.223 -656.66
-1 -1 -1 -1 -1 -1 -1 -1 -29.2565 -59.435 -90.377 -121.81 -153.423 -184.873 -215.804 -245.859 -274.69 -302 -327.546 -351.178 -372.862 -392.654 -410.716 -427.3 -442.696 -457.212 -471.151 -484.784 -498.329 -511.961 -525.752 -539.78 -554.009 -568.32 -582.692 -596.819 -610.452 -623.355 -635.221 -645.753 -654.657 -661.667 -666.549 -669.12 -669.25 -666.872 -661.982 -654.634 -644.94 -633.056
-1 -1 -1 -1 -1 -1 -1 -17.1163 -45.6632 -75.1104 -105.225 -135.735 -166.33 -196.686 -226.423 -255.226 -282.752 -308.715 -332.897 -355.166 -375.511 -394.006 -410.823 -426.225 -440.497 -453.942 -466.851 -479.474 -491.999 -504.572 -517.282 -530.16 -543.17 -556.228 -569.198 -581.897 -594.127 -605.585 -616.07 -625.298 -633.015 -638.987 -643.015 -644.938 -644.645 -642.075 -637.222 -630.13 -620.89 -609.636
-1 -1 -1 -1 -1 -1 -9.09328 -35.944 -63.7937 -92.4459 -121.665 -151.177 -180.677 -209.836 -238.318 -265.785 -291.921 -316.46 -339.206 -360.052 -378.995 -396.142 -411.65 -425.801 -438.869 -451.146 -462.905 -474.379 -485.755 -497.164 -508.68 -520.321 -532.052 -543.787 -555.398 -566.716 -577.542 -587.658 -596.844 -604.839 -611.45 -616.465 -619.708 -621.041 -620.364 -617.623 -612.808 -605.953 -597.137 -586.472
-1 -1 -1 -1 -1 -4.00469 -29.1005 -55.2621 -82.3244 -110.086 -138.309 -166.72 -195.035 -222.885 -249.994 -276.021 -300.673 -323.705 -344.945 -364.312 -381.82 -397.591 -411.797 -424.707 -436.592 -447.728 -458.372 -468.74 -479.003 -489.276 -499.623 -510.056 -520.537 -530.986 -541.283 -551.274 -560.783 -569.615 -577.566 -584.433 -590.046 -594.17 -596.691 -597.484 -596.462 -593.571 -588.798 -582.151 -573.721 -563.587
-1 -1 -1 -1 -1.29863 -24.6051 -49.0166 -74.3953 -100.571 -127.338 -154.458 -181.661 -208.653 -235.131 -260.776 -285.288 -308.396 -329.883 -349.603 -367.497 -383.601 -398.042 -410.999 -422.731 -433.494 -443.549 -453.134 -462.446 -471.641 -480.82 -490.04 -499.309 -508.589 -517.807 -526.853 -535.59 -543.861 -551.493 -558.308 -564.127 -568.781 -572.113 -573.988 -574.297 -572.96 -569.93 -565.192 -558.764 -550.696 -541.064
