Risk analysis/3D Model Exports/V3 - faulted anticlinal trap - 2 res (thick + thin)/ModelV3Export_isopachs_Reservoir.asc
ncols 50
nrows 50
xllcenter 20
yllcenter 20
cellsize 40
nodata_value -9999
263.674 265.539 266.591 266.651 265.551 263.202 259.569 254.687 248.669 241.703 234.046 225.972 217.913 209.96 202.623 196.149 190.859 187.089 185.066 184.942 186.613 189.164 191.922 194.654 198.278 205.003 215.197 226.496 236.747 244.457 249.54 252.267 252.919 252.074 250.156 247.512 244.417 241.071 237.617 234.15 230.716 227.348 224.048 220.803 217.591 214.383 211.146 207.855 204.515 201.077
267.445 270.343 272.466 273.587 273.486 271.963 268.936 264.388 258.389 251.112 242.825 233.845 224.658 215.449 206.774 198.961 192.426 187.637 184.998 184.903 186.944 190.225 192.87 194.066 195.484 201.441 212.667 225.607 236.888 245.438 250.765 253.422 253.964 252.972 250.866 248.074 244.88 241.491 238.047 234.636 231.312 228.081 224.947 221.886 218.862 215.838 212.765 209.601 206.332 202.913
269.634 273.594 276.936 279.327 280.5 280.186 278.18 274.418 268.858 261.669 253.087 243.453 233.267 222.898 212.882 203.66 195.755 189.8 186.462 186.604 189.879 195.021 199.468 200.681 200.395 205.014 215.718 228.008 238.903 246.769 251.581 253.662 253.719 252.358 249.99 247.04 243.781 240.407 237.046 233.779 230.646 227.659 224.796 222.029 219.31 216.587 213.793 210.876 207.786 204.504
269.864 274.857 279.352 283.123 285.758 286.951 286.381 283.864 279.317 272.781 264.445 254.64 243.823 232.573 221.399 210.855 201.568 194.304 190.092 190.252 195.576 204.544 215.326 220.511 220.572 222.692 230.154 239.123 246.92 252.078 254.679 255.042 253.797 251.466 248.407 244.979 241.417 237.884 234.491 231.307 228.365 225.675 223.214 220.943 218.747 216.535 214.196 211.639 208.848 205.785
266.375 272.103 277.593 282.526 286.606 289.389 290.522 289.656 286.628 281.391 274.012 264.774 254.082 242.595 230.808 219.455 209.263 201.006 195.093 194.961 202.394 216.282 244.026 262.731 275.205 274.058 268.42 266.227 265.474 264.314 262.357 259.459 255.918 251.873 247.624 243.35 239.194 235.257 231.607 228.28 225.294 222.632 220.275 218.178 216.284 214.519 212.802 211.054 209.056 206.615
260.524 266.8 273.028 278.946 284.215 288.437 291.209 292.13 290.899 287.379 281.538 273.562 263.801 252.806 241.322 229.911 219.594 211.222 201.199 201.385 210.263 228.093 261.304 312.676 338.801 350.61 342.537 319.484 299.197 285.75 275.83 267.739 260.647 254.141 248.108 242.638 237.601 233.045 228.97 225.365 222.216 219.495 217.14 215.164 213.431 211.883 210.423 208.952 207.36 205.555
253.856 260.418 267.088 273.63 279.757 285.097 289.235 291.77 292.309 290.634 286.649 280.406 272.196 262.541 251.997 241.413 231.85 224.334 220.575 208.531 217.925 236.574 261.782 314.2 368.904 382.451 382.312 367.176 341.213 315.047 294.969 279.927 268.129 258.388 250.134 243.015 236.827 231.444 226.789 222.8 219.344 216.464 214.09 212.104 210.463 209.081 207.838 206.616 205.297 203.748
246.789 253.422 260.27 267.135 273.751 279.818 284.94 288.728 290.77 290.853 288.742 284.447 278.15 270.186 261.375 252.362 244.217 238.104 235.775 211.129 219.722 236.408 259.205 291.5 358.757 395.816 398.979 390.393 370.217 343.198 316.497 294.72 277.733 264.295 253.406 244.4 236.85 230.501 225.091 220.555 216.767 213.646 211.115 209.096 207.504 206.243 205.164 204.174 203.09 201.796
239.627 246.199 253.026 259.958 266.775 273.172 278.871 283.483 286.676 288.137 287.675 285.214 280.909 274.982 268.105 260.924 254.439 249.95 248.792 214.449 210.716 223.543 241.948 262.507 327.276 394.562 401.058 397.197 383.292 360.676 334.304 309.078 287.965 271.021 257.483 246.493 237.478 230.026 223.841 218.714 214.498 211.077 208.354 206.239 204.638 203.44 202.52 201.703 200.854 199.784
232.675 239.042 245.712 252.533 259.299 265.762 271.646 276.669 280.519 282.95 283.77 282.837 280.292 276.252 271.273 265.982 261.193 258.04 257.752 237.861 188.323 196.566 209.46 225.59 283.435 355.325 389.794 390.737 382.689 366.303 343.942 319.445 296.687 277.398 261.636 248.835 238.413 229.891 222.898 217.164 212.496 208.747 205.8 203.554 201.908 200.747 199.939 199.298 198.644 197.777
226.025 232.114 238.585 245.185 251.755 258.064 263.874 268.943 273.044 275.969 277.597 277.799 276.628 274.231 270.891 267.253 263.96 261.959 262.254 258.174 197.25 157.379 164.73 175.464 227.395 303.618 365.405 372.133 370.589 360.829 344.252 323.474 301.848 281.985 264.977 250.858 239.286 229.851 222.089 215.785 210.684 206.613 203.437 201.047 199.338 198.193 197.469 196.985 196.524 195.861
219.789 225.644 231.814 238.138 244.428 250.461 256.015 260.895 264.927 267.972 269.976 270.862 270.648 269.452 267.478 265.198 263.165 262.101 262.895 266.352 212.313 150.659 115.091 120.769 166.389 243.919 323.43 342.881 348.489 345.943 336.028 320.593 302.26 283.702 266.717 252.041 239.721 229.572 221.228 214.447 208.975 204.621 201.237 198.709 196.933 195.797 195.159 194.813 194.534 194.054
214.007 219.604 225.468 231.534 237.514 243.215 248.419 252.957 256.709 259.608 261.656 262.842 263.206 262.835 261.881 260.669 259.653 259.406 260.653 264.055 224.654 160.178 96.3464 70.1997 110.846 186.766 267.329 308.274 319.689 324.071 321.02 311.622 297.842 282.074 266.351 251.956 239.417 228.873 220.145 213.022 207.277 202.712 199.17 196.531 194.7 193.575 193.017 192.814 192.715 192.41
208.697 214.052 219.684 225.451 231.131 236.492 241.315 245.44 248.798 251.373 253.239 254.46 255.096 255.239 254.998 254.608 254.412 254.87 256.571 260.058 234.912 168.241 101.399 33.979 64.1754 138.75 217.965 275.348 289.41 298.845 301.732 298.171 289.429 277.309 263.798 250.456 238.249 227.62 218.711 211.401 205.51 200.838 197.211 194.509 192.648 191.545 191.072 191.018 191.099 190.979
203.858 208.995 214.404 219.928 225.34 230.389 234.842 238.539 241.447 243.606 245.136 246.225 246.926 247.357 247.606 247.806 248.299 249.369 251.523 255.208 243.474 174.655 105.44 35.5651 25.1708 99.1824 177.068 248.189 262.277 274.123 281.221 282.479 278.301 270.149 259.39 247.663 236.193 225.788 216.867 209.506 203.609 198.958 195.352 192.655 190.798 189.736 189.356 189.456 189.718 189.765
199.48 204.428 209.65 214.947 220.171 224.952 229.071 232.36 234.808 236.508 237.663 238.479 239.131 239.689 240.259 240.95 241.963 243.574 246.158 250.115 250.676 179.974 108.718 36.7809 -9999 66.1097 143.292 223.244 239.998 252.447 261.774 266.468 266.184 261.581 253.726 243.931 233.472 223.441 214.582 207.295 201.522 197.049 193.602 191 189.192 188.183 187.909 188.169 188.608 188.799
195.549 200.337 205.412 210.617 215.627 220.219 224.037 226.956 228.96 230.189 230.909 231.409 231.898 232.514 233.316 234.374 235.832 237.9 240.892 245.184 250.938 184.457 111.691 37.667 -9999 38.1354 114.841 194.156 222.242 234.553 244.853 251.562 254.056 252.521 247.49 239.747 230.43 220.803 212 204.759 199.211 195.095 191.992 189.61 187.902 186.952 186.786 187.208 187.815 188.105
192.049 196.706 201.675 206.766 211.701 216.131 219.748 222.345 223.931 224.692 224.978 225.103 225.396 226.002 226.973 228.334 230.176 232.66 236.063 240.666 246.631 188.307 114.027 38.4211 -9999 14.3586 90.803 169.641 208.18 220.319 230.901 238.595 242.908 243.716 241.277 235.606 227.479 218.173 209.244 201.93 196.637 193.087 190.583 188.591 187.03 186.133 186.062 186.642 187.385 187.699
188.969 193.523 198.424 203.478 208.378 212.737 216.195 218.52 219.711 220.027 219.829 219.585 219.65 220.212 221.328 222.958 225.141 228.001 231.766 236.705 242.936 191.672 116.104 39.1411 -9999 -9999 70.3892 148.951 197.12 209.266 219.898 227.857 233.084 235.714 235.503 231.921 225.028 215.904 206.516 198.824 193.752 191.014 189.469 188.103 186.732 185.836 185.831 186.567 187.388 187.597
186.301 190.774 195.643 200.711 205.64 209.992 213.353 215.458 216.315 216.175 215.5 214.84 214.652 215.148 216.411 218.299 220.799 224.006 228.106 233.371 239.893 194.645 117.999 39.8855 -9999 -9999 53.154 131.479 188.301 200.993 211.678 219.375 224.743 228.54 230.36 228.961 223.421 214.354 204.076 195.535 190.499 188.846 188.786 188.383 187.2 186.179 186.188 187.082 187.907 187.81
184.044 188.456 193.322 198.449 203.464 207.867 211.184 213.116 213.672 213.106 211.942 210.835 210.369 210.845 212.226 214.377 217.179 220.707 225.138 230.687 237.501 197.266 119.74 40.9204 -9999 -9999 38.7035 116.841 181.503 195.208 206.048 213.045 217.822 222.22 225.894 226.836 222.87 213.827 202.198 192.143 186.817 186.555 188.722 189.731 188.636 187.24 187.205 188.293 189.028 188.336
182.202 186.568 191.454 196.678 201.826 206.324 209.633 211.432 211.729 210.77 209.117 207.533 206.766 207.203 208.769 211.194 214.288 218.109 222.804 228.641 235.727 199.523 121.339 41.7202 -9999 -9999 26.9323 104.807 176.39 191.668 202.895 208.68 212.135 216.655 222.073 225.517 223.418 214.496 201.139 188.88 182.704 184.079 189.5 192.454 191.146 188.948 188.837 190.257 190.796 189.152
180.79 185.121 190.041 195.384 200.696 205.309 208.624 210.317 210.407 209.11 206.994 204.914 203.831 204.274 206.056 208.761 212.121 216.196 221.13 227.192 234.508 201.333 122.663 42.4727 -9999 -9999 17.8191 95.3254 172.761 190.293 201.938 205.995 207.443 211.77 218.907 224.868 224.877 216.291 201.046 186.031 178.368 181.453 191.299 196.629 194.597 191.043 190.909 192.904 193.134 190.204
179.828 184.135 189.089 194.547 200.027 204.746 208.054 209.664 209.603 208.055 205.557 203.013 201.618 202.12 204.145 207.102 210.675 214.941 220.053 226.28 233.765 202.634 123.658 43.0933 -9999 -9999 11.2318 88.5622 170.457 190.385 202.635 204.578 203.612 207.701 216.401 224.695 226.785 218.772 201.821 184.027 174.515 178.981 194.272 201.665 198.565 193.244 193.222 195.949 195.74 191.418
179.335 183.63 188.605 194.14 199.74 204.524 207.805 209.361 209.22 207.537 204.815 201.963 200.316 200.923 203.136 206.253 209.949 214.319 219.529 225.845 233.424 203.353 124.237 43.4982 -9999 -9999 7.8784 84.8792 168.176 191.078 203.829 203.99 200.968 205.227 215.013 224.795 228.431 221.032 202.972 183.308 172.368 177.753 197.866 206 202.41 195.345 195.437 198.787 198.096 192.746
179.327 183.621 188.596 194.129 199.726 204.506 207.784 209.337 209.195 207.513 204.793 201.943 200.299 200.909 203.125 206.244 209.941 214.314 219.527 225.849 233.438 203.438 124.345 43.6332 -9999 -9999 7.68183 84.6205 167.846 190.943 203.761 203.998 201 205.265 215.113 225.038 228.878 221.699 203.781 184.155 173.321 179.301 200.502 208.949 204.861 197.064 197.049 200.477 199.71 194.151
179.803 184.109 189.06 194.512 199.982 204.691 207.989 209.591 209.528 207.982 205.49 202.955 201.569 202.08 204.11 207.074 210.654 214.927 220.051 226.294 233.808 202.885 123.979 43.494 -9999 -9999 10.6414 87.7925 170.056 190.007 202.424 204.567 203.697 207.846 216.751 225.476 228.163 220.765 204.228 186.602 177.513 183.641 201.578 209.644 205.316 198.402 197.976 200.832 200.449 195.531
180.747 185.075 189.989 195.321 200.619 205.214 208.514 210.196 210.282 208.989 206.883 204.817 203.749 204.205 205.999 208.715 212.086 216.175 221.129 227.219 234.583 201.743 123.188 43.1267 -9999 -9999 16.8342 94.0607 172.16 189.726 201.587 205.923 207.573 212.1 219.606 226.324 227.269 219.612 205.025 190.427 183.649 189.111 202.051 208.15 204.675 199.331 198.587 200.566 200.534 196.736
182.138 186.498 191.375 196.585 201.713 206.187 209.477 211.262 211.554 210.601 208.962 207.396 206.649 207.105 208.688 211.13 214.242 218.085 222.809 228.687 235.84 200.091 122.052 42.6079 -9999 -9999 25.5559 103.068 175.647 191.034 202.429 208.556 212.35 217.284 223.377 227.83 226.943 219.182 206.704 195.192 190.357 194.315 202.448 206.154 203.597 199.823 198.951 200.185 200.344 197.693
183.956 188.359 193.212 198.32 203.309 207.685 210.978 212.894 213.441 212.886 211.74 210.656 210.215 210.716 212.12 214.295 217.124 220.683 225.156 230.759 237.661 197.971 120.623 42.0169 -9999 -9999 36.9449 114.654 180.665 194.422 205.52 212.936 218.234 223.32 227.933 230.204 227.665 219.945 209.394 200.399 196.688 198.802 203.092 204.654 202.619 199.971 199.19 199.942 200.191 198.457
186.187 190.647 195.497 200.541 205.44 209.76 213.094 215.181 216.004 215.903 215.248 214.616 214.457 214.986 216.279 218.201 220.737 223.986 228.139 233.476 240.107 195.467 119.029 41.1616 -9999 -9999 51.0311 128.876 187.406 200.166 211.142 219.413 225.536 230.335 233.432 233.586 229.624 221.985 212.935 205.64 202.273 202.582 204.025 203.958 202.092 200.133 199.486 199.964 200.243 199.134
188.825 193.361 198.238 203.263 208.127 212.45 215.878 218.184 219.375 219.697 219.522 219.31 219.411 220.012 221.168 222.843 225.075 227.991 231.824 236.853 243.213 192.588 117.253 40.5641 -9999 -9999 67.9328 145.971 196.234 208.481 219.537 228.238 234.511 238.472 239.856 237.994 232.762 225.106 217.012 210.621 207.046 205.787 205.229 204.016 202.134 200.543 199.99 200.301 200.563 199.822
191.871 196.505 201.444 206.499 211.395 215.785 219.368 221.943 223.524 224.297 224.608 224.77 225.106 225.759 226.783 228.201 230.108 232.664 236.152 240.864 246.979 189.293 115.265 39.9555 -9999 12.1127 88.0509 166.34 207.303 219.684 230.877 239.589 245.285 247.825 247.142 243.285 236.815 228.936 221.259 215.134 211.066 208.552 206.638 204.666 202.708 201.293 200.775 200.958 201.157 200.592
195.333 200.091 205.13 210.283 215.257 219.799 223.585 226.481 228.478 229.719 230.468 231.009 231.548 232.223 233.091 234.222 235.762 237.921 241.016 245.438 251.363 185.486 112.985 39.2748 -9999 35.6809 111.851 190.642 221.498 234.244 245.441 253.52 257.758 258.108 255.058 249.119 241.356 233.022 225.325 219.083 214.426 210.978 208.189 205.741 203.717 202.377 201.851 201.913 202.01 201.49
199.221 204.132 209.311 214.569 219.73 224.461 228.537 231.8 234.24 235.952 237.138 238 238.712 239.341 239.993 240.776 241.891 243.602 246.324 250.429 251.488 181.016 110.033 38.4215 -9999 63.5124 140.159 219.574 239.556 252.741 263.357 269.814 271.54 269.006 263.098 254.968 245.859 236.902 228.923 222.39 217.213 213.139 209.826 207.12 205.059 203.756 203.195 203.134 203.103 202.544
203.551 208.643 214 219.466 224.819 229.809 234.214 237.9 240.776 242.946 244.514 245.652 246.424 246.942 247.293 247.606 248.223 249.427 251.727 255.578 244.268 175.679 106.739 37.2593 23.0287 96.5418 173.901 247.779 262.444 275.454 284.254 287.594 285.659 279.496 270.506 260.185 249.782 240.166 231.894 225.047 219.523 215.084 211.518 208.711 206.662 205.377 204.773 204.589 204.414 203.765
208.334 213.635 219.207 224.905 230.515 235.81 240.576 244.663 248.005 250.59 252.492 253.774 254.495 254.744 254.626 254.374 254.326 254.941 256.807 260.477 235.662 169.215 102.642 35.6204 62.115 136.214 215.019 275.576 290.671 301.742 306.66 305.3 298.651 288.449 276.404 264.127 252.677 242.607 234.116 227.115 221.442 216.877 213.248 210.463 208.467 207.209 206.553 206.25 205.923 205.153
213.578 219.11 224.919 230.889 236.788 242.411 247.549 252.04 255.77 258.677 260.766 262.024 262.49 262.247 261.442 260.395 259.55 259.48 260.908 264.504 225.334 161.07 97.4958 70.3393 109.055 184.619 265.053 309.671 322.581 328.868 327.949 320.703 308.882 294.65 280.006 266.326 254.282 244.055 235.603 228.68 223.072 218.574 215.033 212.347 210.444 209.218 208.517 208.089 207.608 206.696
219.282 225.062 231.145 237.376 243.57 249.512 254.987 259.777 263.815 266.868 268.92 269.892 269.801 268.76 266.963 264.874 263.036 262.165 263.15 266.804 212.898 151.436 115.357 121.194 165.171 242.609 322.385 345.886 353.137 352.542 344.714 331.234 314.592 297.161 280.871 266.617 254.595 244.648 236.509 229.882 224.525 220.244 216.895 214.37 212.573 211.388 210.638 210.088 209.44 208.372
225.445 231.443 237.791 244.281 250.738 256.961 262.659 267.662 271.729 274.666 276.353 276.662 275.642 273.43 270.299 266.877 263.797 261.999 262.486 258.506 197.72 157.783 165.268 176.208 226.977 303.399 368.33 376.427 376.581 368.773 354.207 335.216 314.822 295.676 279.034 265.213 253.842 244.592 237.026 230.886 225.925 221.965 218.872 216.539 214.859 213.706 212.897 212.216 211.395 210.144
231.957 238.215 244.764 251.457 258.091 264.431 270.21 275.156 278.974 281.426 282.324 281.528 279.167 275.347 270.609 265.556 260.995 258.048 257.943 238.096 188.686 197.072 210.155 226.585 283.656 355.879 393.392 395.756 389.469 375.067 354.584 331.548 309.586 290.71 275.198 262.642 252.456 244.203 237.398 231.876 227.398 223.815 221.007 218.869 217.294 216.155 215.269 214.44 213.428 211.994
238.785 245.205 251.891 258.673 265.336 271.597 277.179 281.713 284.882 286.383 286.031 283.743 279.668 273.991 267.383 260.461 254.213 249.924 248.932 214.593 211.045 223.992 242.572 263.449 327.789 395.468 404.808 402.458 390.43 369.945 345.099 320.763 300.167 283.544 270.283 259.604 250.901 243.76 237.874 233.026 229.063 225.865 223.333 221.37 219.871 218.712 217.719 216.716 215.476 213.843
245.742 252.223 258.908 265.617 272.049 277.931 282.966 286.685 288.713 288.88 286.918 282.839 276.807 269.139 260.621 251.884 243.977 238.055 235.868 211.295 219.948 236.68 259.587 291.822 359.326 398.182 402.56 395.616 377.585 352.252 326.619 305.393 288.819 275.796 265.339 256.766 249.641 243.692 238.669 234.482 231.009 228.164 225.867 224.033 222.571 221.334 220.194 218.965 217.515 215.633
252.585 258.972 265.456 271.809 277.758 282.941 286.97 289.458 290.03 288.472 284.683 278.703 270.8 261.48 251.239 240.939 231.609 224.272 220.633 208.64 218.029 236.631 261.835 314.438 369.936 384.367 385.545 372.239 348.205 323.179 303.745 289.324 278.056 268.912 261.245 254.691 249.04 244.149 239.949 236.37 233.282 230.72 228.606 226.822 225.307 223.948 222.606 221.154 219.417 217.279
258.982 265.063 271.088 276.808 281.895 285.976 288.665 289.578 288.429 285.078 279.483 271.813 262.392 251.741 240.577 229.446 219.352 211.145 201.356 201.435 210.259 227.961 261.315 312.588 339.212 351.948 345.471 324.139 304.892 292.257 283.148 275.869 269.552 263.819 258.549 253.711 249.298 245.314 241.75 238.606 235.86 233.481 231.424 229.625 227.986 226.451 224.874 223.126 221.096 218.684
264.521 270.037 275.32 280.08 283.973 286.644 287.719 286.917 284.032 279.011 271.924 263.025 252.692 241.555 230.08 218.991 209.004 200.892 195.056 194.931 202.283 216.022 243.592 262.236 274.917 274.739 270.306 269.225 269.56 269.466 268.547 266.64 264.038 260.873 257.441 253.887 250.445 247.128 244.032 241.197 238.591 236.301 234.228 232.31 230.503 228.706 226.826 224.761 222.284 219.192
267.61 272.404 276.73 280.309 282.823 283.958 283.409 280.988 276.651 270.384 262.374 252.927 242.47 231.556 220.678 210.376 201.272 194.131 189.978 190.129 195.377 204.216 214.879 220.08 220.441 223.111 231.316 241.218 250.087 256.365 260.081 261.517 261.287 259.903 257.719 255.092 252.254 249.369 246.549 243.867 241.339 238.98 236.765 234.648 232.49 230.184 227.612 224.663 221.322 217.578
267.057 270.849 274.007 276.273 277.378 277.063 275.14 271.526 266.219 259.328 251.084 241.802 231.961 221.901 212.153 203.147 195.404 189.554 186.265 186.4 189.618 194.671 199.051 200.298 200.225 205.244 216.549 229.654 241.544 250.497 256.422 259.591 260.686 260.295 258.824 256.692 254.167 251.442 248.646 245.861 243.112 240.412 237.746 235.064 232.311 229.426 226.343 223.008 219.38 215.449
264.611 267.345 269.345 270.39 270.273 268.796 265.91 261.559 255.82 248.848 240.89 232.243 223.373 214.446 206.012 198.393 192.004 187.311 184.722 184.632 186.644 189.879 192.495 193.729 195.31 201.579 213.331 227.01 239.202 248.773 255.158 258.869 260.473 260.383 259.158 257.165 254.684 251.919 249.007 246.038 243.053 240.07 237.086 234.063 230.967 227.753 224.379 220.806 217.012 213.029
260.632 262.379 263.352 263.384 262.314 260.064 256.593 251.93 246.178 239.511 232.164 224.415 216.624 208.927 201.808 195.511 190.355 186.679 184.712 184.611 186.282 188.825 191.593 194.387 198.163 205.169 215.826 227.769 238.831 247.46 253.515 257.218 258.825 258.887 257.807 255.925 253.505 250.748 247.793 244.723 241.599 238.443 235.255 232.022 228.719 225.321 221.795 218.132 214.322 210.353
