Risk analysis/3D Model Exports/V3 - faulted anticlinal trap - 2 res (thick + thin)/ModelV3Export_isopachs_SecondarySeal.asc
ncols 50
nrows 50
xllcenter 20
yllcenter 20
cellsize 40
nodata_value -9999
-9999 -9999 -9999 -9999 -9999 -9999 -9999 -9999 16.5375 42.745 69.423 96.3355 123.222 149.807 175.807 200.95 224.99 247.716 268.972 288.672 306.801 323.416 338.636 352.627 365.585 377.712 389.212 400.235 410.949 421.45 431.805 442.04 452.142 462.061 471.713 480.987 489.747 497.842 505.108 511.379 516.494 520.301 522.669 523.489 522.677 520.185 515.994 510.117 502.599 493.512
-9999 -9999 -9999 -9999 -9999 -9999 -9999 -9999 -9999 27.149 54.8749 82.934 111.061 138.968 166.361 192.965 218.462 242.671 265.396 286.528 306.036 323.965 340.43 355.6 369.678 382.891 395.415 407.47 419.207 430.742 442.152 453.467 464.676 475.726 486.527 496.955 506.859 516.067 524.395 531.653 537.656 542.233 545.231 546.528 546.031 543.685 539.472 533.412 525.559 516
-9999 -9999 -9999 -9999 -9999 -9999 -9999 -9999 -9999 11.3165 40.004 69.1236 98.406 127.558 156.271 184.241 211.18 236.838 261.013 283.576 304.477 323.747 341.492 357.881 373.121 387.447 401.055 414.175 426.972 439.575 452.071 464.501 476.855 489.081 501.082 512.722 523.836 534.229 543.695 552.016 558.983 564.397 568.086 569.907 569.756 567.573 563.34 557.083 548.87 538.803
-9999 -9999 -9999 -9999 -9999 -9999 -9999 -9999 -9999 -9999 25.2344 55.3215 85.6661 115.969 145.914 175.181 203.468 230.506 256.077 280.032 302.298 322.901 341.936 359.567 376.007 391.48 406.215 420.431 434.314 448.009 461.625 475.181 488.705 502.136 515.373 528.271 540.649 552.292 562.965 572.425 580.429 586.751 591.203 593.593 593.822 591.82 587.57 581.105 572.489 561.874
-9999 -9999 -9999 -9999 -9999 -9999 -9999 -9999 -9999 -9999 11.9265 42.9131 74.2482 105.627 136.724 167.209 196.765 225.101 251.987 277.25 300.802 322.652 342.883 361.652 379.172 395.683 411.429 426.643 441.527 456.242 470.908 485.573 500.262 514.911 529.404 543.59 557.272 570.215 582.158 592.839 601.94 609.241 614.497 617.517 618.164 616.361 612.089 605.392 596.369 585.166
-9999 -9999 -9999 -9999 -9999 -9999 -9999 -9999 -9999 -9999 0.246327 32.0828 64.356 96.7557 128.946 160.593 191.362 220.948 249.104 275.642 300.457 323.54 344.962 364.872 383.48 401.026 417.771 433.934 449.754 465.398 480.993 496.617 512.287 527.964 542.812 558.429 573.551 587.912 601.216 613.157 623.454 631.806 637.945 641.647 642.751 641.167 636.876 629.931 620.448 608.599
-9999 -9999 -9999 -9999 -9999 -9999 -9999 -9999 -9999 -9999 -9999 22.801 55.964 89.3327 122.566 155.318 187.244 218.029 247.411 275.189 301.243 325.546 348.156 369.214 388.919 407.514 425.258 442.392 459.153 475.728 492.259 508.835 525.488 542.185 554.632 571.712 588.374 604.299 619.212 632.747 644.534 654.208 661.429 665.907 667.514 666.174 661.865 654.65 644.669 632.125
-9999 -9999 -9999 -9999 -9999 -9999 -9999 -9999 -9999 -9999 -9999 15.0087 49.0167 83.3063 117.53 151.331 184.36 216.293 246.857 275.839 303.107 328.619 352.417 374.629 395.446 415.105 433.865 451.98 469.69 487.196 504.658 522.181 539.811 557.529 564.924 583.395 601.482 618.943 635.432 650.569 663.944 675.144 683.778 689.503 692.051 691.241 686.99 679.483 668.961 655.663
-9999 -9999 -9999 -9999 -9999 -9999 -9999 -9999 -9999 -9999 -9999 8.62313 43.4334 78.5967 113.761 148.556 182.633 215.66 247.359 277.509 305.967 332.676 357.664 381.041 402.987 423.73 443.523 462.629 481.292 499.734 518.112 536.568 555.16 559.029 573.821 593.554 613 631.9 649.908 666.619 681.584 694.337 704.43 711.46 715.109 715.157 711.503 704.159 693.245 679.13
-9999 -9999 -9999 -9999 -9999 -9999 -9999 -9999 -9999 -9999 -9999 3.54088 39.1126 75.1034 111.155 146.89 181.957 216.023 248.808 280.088 309.712 337.609 363.795 388.346 411.439 433.288 454.131 474.236 493.852 513.209 532.495 551.858 571.384 560.544 581.451 602.322 623.005 643.241 662.69 680.929 697.474 711.802 723.397 731.785 736.585 737.53 734.496 727.495 716.668 702.258
-9999 -9999 -9999 -9999 -9999 -9999 -9999 -9999 -9999 -9999 -9999 -9999 35.9367 72.7087 109.594 146.212 182.209 217.257 251.076 283.446 314.209 343.283 370.663 396.411 420.673 443.643 465.554 486.663 507.225 527.479 547.636 567.866 588.295 566.097 587.938 609.81 631.589 653.042 673.841 693.552 711.658 727.58 740.721 750.526 756.53 758.41 756.007 749.336 738.565 723.982
-9999 -9999 -9999 -9999 -9999 -9999 -9999 -9999 -9999 -9999 -9999 -9999 33.7763 71.2831 108.948 146.389 183.252 219.217 254.015 287.435 319.307 349.548 378.127 405.086 430.535 454.646 477.632 499.74 521.23 542.34 563.316 584.35 598.608 570.768 593.393 616.115 638.845 661.386 683.432 704.55 724.197 741.733 756.474 767.761 775.029 777.88 776.114 769.747 758.98 744.162
-9999 -9999 -9999 -9999 -9999 -9999 -9999 -9999 -9999 -9999 -9999 -9999 32.4952 70.6892 109.079 147.278 184.938 221.752 257.467 291.882 324.838 356.235 386.019 414.202 440.857 466.118 490.178 513.265 535.636 557.551 579.271 601.022 598.806 574.662 597.916 621.33 644.86 668.354 691.538 713.995 735.161 754.338 770.744 783.593 792.204 796.058 794.926 788.819 777.985 762.845
-9999 -9999 -9999 -9999 -9999 -9999 -9999 -9999 -9999 -9999 -9999 -9999 31.9538 70.787 109.843 148.733 187.118 224.703 261.266 296.624 330.63 363.168 394.16 423.578 451.451 477.869 502.987 527.014 550.204 572.836 595.197 617.555 598.94 577.874 601.598 625.545 649.721 674.027 698.235 721.957 744.622 765.479 783.632 798.145 808.168 813.079 812.567 806.652 795.65 780.078
-9999 -9999 -9999 -9999 -9999 -9999 -9999 -9999 -9999 -9999 -9999 -9999 32.0142 71.4398 111.1 150.609 189.632 227.909 265.245 301.487 336.502 370.164 402.366 433.03 462.128 489.696 515.842 540.749 564.667 587.898 610.769 633.607 598.785 580.487 604.524 628.844 653.511 678.485 703.597 728.505 752.652 775.237 795.25 811.547 823.096 829.105 829.185 823.371 812.068 795.923
-9999 -9999 -9999 -9999 -9999 -9999 -9999 -9999 -9999 -9999 -9999 -9999 32.5437 72.509 112.716 152.767 192.343 231.216 269.238 306.298 342.278 377.044 410.452 442.368 472.696 501.398 528.524 554.223 578.747 602.431 625.656 1277.15 598.86 582.582 606.773 631.311 656.315 681.811 707.7 733.706 759.311 783.684 805.678 823.938 837.146 844.305 844.928 839.086 827.308 810.418
-9999 -9999 -9999 -9999 -9999 -9999 -9999 -9999 -9999 -9999 -9999 -9999 33.4146 73.8734 114.564 155.079 195.112 234.478 273.092 310.892 347.787 383.632 418.239 451.41 482.964 512.778 540.819 567.202 592.178 616.138 639.539 1277.33 598.921 584.229 608.425 633.032 658.225 684.094 710.621 737.621 764.65 790.895 815.024 835.448 850.483 858.846 859.937 853.888 841.417 823.578
-9999 -9999 -9999 -9999 -9999 -9999 -9999 -9999 -9999 -9999 -9999 -9999 34.5129 75.4191 116.533 157.431 197.818 237.566 276.663 315.119 352.873 389.764 425.556 459.978 492.755 523.653 552.54 579.468 604.715 628.747 652.133 1277.46 598.969 585.494 609.557 634.098 659.34 685.433 712.446 740.313 768.708 796.859 823.349 846.202 863.27 872.893 874.331 867.833 854.393 835.374
-9999 -9999 -9999 -9999 -9999 -9999 -9999 -9999 -9999 -9999 -9999 -9999 35.7345 77.0434 118.523 159.724 200.362 240.366 279.829 318.854 357.398 395.294 432.242 467.901 501.895 533.854 563.509 590.835 616.143 640.023 663.204 1 599.007 586.436 610.248 634.609 659.773 685.945 713.282 741.856 771.518 801.623 830.689 856.299 875.66 886.585 888.182 880.909 866.166 845.725
-9999 -9999 -9999 -9999 -9999 -9999 -9999 -9999 -9999 -9999 -9999 -9999 36.9869 78.6554 120.449 161.88 202.663 242.793 282.492 321.976 361.255 400.1 438.155 475.017 510.219 543.234 573.588 601.151 626.288 649.775 672.54 1 599.037 587.108 610.579 634.67 659.655 685.773 713.262 742.35 773.119 805.17 837.04 865.81 887.771 900.009 901.481 893.003 876.572 854.49
-9999 -9999 -9999 -9999 -9999 -9999 -9999 -9999 -9999 -9999 -9999 -9999 38.1884 80.1742 122.237 163.837 204.67 244.789 284.584 324.434 364.375 404.095 443.171 481.166 517.556 551.638 582.658 610.295 635.015 657.862 1357.02 1 599.059 587.554 610.63 634.398 659.131 685.085 712.563 741.942 773.583 807.469 842.348 874.741 899.656 913.164 914.096 903.851 885.342 861.488
-9999 -9999 -9999 -9999 -9999 -9999 -9999 -9999 -9999 -9999 -9999 -9999 39.2664 81.529 123.82 165.548 206.358 246.333 286.076 326.203 366.739 407.233 447.195 486.196 523.72 558.915 590.609 618.164 642.218 664.202 1357.07 1 599.076 587.81 610.48 633.911 658.361 684.078 711.408 740.853 773.052 808.507 846.494 882.993 911.207 925.857 925.663 913.016 892.111 866.545
-9999 -9999 -9999 -9999 -9999 -9999 -9999 -9999 -9999 -9999 -9999 -9999 40.1581 82.6446 125.127 166.963 207.723 247.45 286.985 327.318 368.386 409.516 450.172 489.974 528.498 564.862 597.306 624.629 647.804 668.772 1357.11 1 599.087 587.907 610.207 633.331 657.505 682.962 710.061 739.385 771.797 808.352 849.298 890.279 922.024 937.596 935.562 919.861 896.53 869.612
-9999 -9999 -9999 -9999 -9999 -9999 -9999 -9999 -9999 -9999 -9999 -9999 40.8109 83.4567 126.083 168.016 208.757 248.202 287.386 327.889 369.401 410.981 452.098 492.426 531.682 569.188 602.512 629.437 651.646 671.651 1357.13 1 599.094 587.869 609.881 632.762 656.711 681.938 708.8 737.913 770.258 807.278 850.563 895.982 931.148 947.379 942.823 923.77 898.525 870.916
-9999 -9999 -9999 -9999 -9999 -9999 -9999 -9999 -9999 -9999 -9999 -9999 41.1857 83.9097 126.61 168.605 209.376 248.665 287.446 328.09 369.874 411.672 453.004 493.571 533.174 571.481 605.684 632.083 653.564 672.927 1357.14 1 599.096 587.713 609.554 632.287 656.094 681.17 707.864 736.799 768.976 805.963 850.287 898.947 936.812 953.297 946.342 924.693 898.678 870.993
-9999 -9999 -9999 -9999 -9999 -9999 -9999 -9999 -9999 -9999 -9999 -9999 41.2618 83.9711 126.656 168.637 209.393 248.668 287.436 328.065 369.833 411.615 452.931 493.482 533.067 571.356 605.544 631.929 653.388 672.724 1357.14 1 599.094 587.449 609.256 631.951 655.717 680.747 707.393 736.275 768.39 805.299 849.519 898.188 936.025 952.489 945.55 923.96 898.004 870.365
-9999 -9999 -9999 -9999 -9999 -9999 -9999 -9999 -9999 -9999 -9999 -9999 41.0399 83.6419 126.223 168.112 208.809 248.213 287.356 327.815 369.28 410.812 451.879 492.157 531.361 568.814 602.091 628.97 651.114 671.036 1357.12 1 599.086 587.077 608.988 631.755 655.579 680.67 707.386 736.335 768.488 805.267 848.273 893.608 928.751 944.965 940.462 921.555 896.484 869.02
-9999 -9999 -9999 -9999 -9999 -9999 -9999 -9999 -9999 -9999 -9999 -9999 40.5428 82.9566 125.364 167.126 207.814 247.472 286.937 327.197 368.187 409.238 449.811 489.53 527.966 564.242 596.603 623.839 646.905 667.733 1357.1 1 599.075 586.588 608.721 631.655 655.62 680.849 707.7 736.746 768.83 804.99 845.522 886.287 917.992 933.594 931.669 916.177 893.106 866.435
-9999 -9999 -9999 -9999 -9999 -9999 -9999 -9999 -9999 -9999 -9999 -9999 39.8113 81.9723 124.159 165.783 206.492 246.369 286.014 326.038 366.468 406.851 446.699 485.582 522.984 558.056 589.627 617.051 640.948 662.733 1357.05 1 599.058 585.966 608.403 631.571 655.728 681.125 708.103 737.153 768.897 803.832 841.309 877.489 905.619 920.335 920.308 907.923 887.343 862.104
-9999 -9999 -9999 -9999 -9999 -9999 -9999 -9999 -9999 -9999 -9999 -9999 38.8995 80.7554 122.685 164.152 204.855 244.846 284.514 324.233 364.037 403.616 442.547 480.392 516.627 550.551 581.406 608.865 633.378 655.97 677.823 1 599.036 585.191 607.97 631.402 655.762 681.305 708.331 737.206 768.282 801.557 835.866 867.88 892.67 906.253 907.39 897.455 879.31 855.84
-9999 -9999 -9999 -9999 -9999 -9999 -9999 -9999 -9999 -9999 -9999 -9999 37.8718 79.3826 121.014 162.283 202.906 242.879 282.421 321.745 360.86 399.534 437.415 474.096 509.111 541.932 572.082 599.421 624.301 647.48 669.87 1 599.008 584.24 607.351 631.036 655.571 681.192 708.136 736.625 766.745 798.128 829.398 857.761 879.571 891.875 893.569 885.419 869.383 847.72
-9999 -9999 -9999 -9999 -9999 -9999 -9999 -9999 -9999 -9999 -9999 -9999 36.8021 77.9259 119.215 160.225 200.673 240.492 279.769 318.601 356.956 394.654 431.4 466.849 500.625 532.356 561.769 588.828 613.832 637.356 660.114 1 598.973 583.081 606.473 630.362 655.004 680.602 707.313 735.212 764.166 793.58 822.031 847.23 866.424 877.403 879.222 872.281 857.941 837.934
-9999 -9999 -9999 -9999 -9999 -9999 -9999 -9999 -9999 -9999 -9999 -9999 35.7732 76.4673 117.363 158.041 198.21 237.742 276.624 314.863 352.398 389.065 424.627 458.813 491.343 521.982 550.591 577.215 602.116 625.749 648.667 1277.41 598.93 581.678 605.265 629.274 653.928 679.379 705.701 732.837 760.487 787.944 813.82 836.269 853.164 862.828 864.474 858.3 845.257 826.67
-9999 -9999 -9999 -9999 -9999 -9999 -9999 -9999 -9999 -9999 -9999 -9999 34.8784 75.0989 115.544 155.811 195.596 234.718 273.087 310.644 347.293 382.89 417.242 450.151 481.434 510.959 538.692 564.736 589.332 612.856 635.754 1277.27 598.877 579.985 603.653 627.673 652.222 677.393 703.177 729.408 755.674 781.197 804.762 824.795 839.654 848.045 849.326 843.582 831.489 814.07
-9999 -9999 -9999 -9999 -9999 -9999 -9999 -9999 -9999 -9999 -9999 -9999 34.2214 73.9237 113.858 153.634 192.933 231.533 269.284 306.072 341.782 376.275 409.405 441.036 471.069 499.459 526.25 551.581 575.695 598.914 621.607 1277.08 598.812 577.949 601.565 625.467 649.78 674.534 699.644 724.858 749.695 773.376 794.818 812.693 825.727 832.899 833.689 828.125 816.701 800.207
-9999 -9999 -9999 -9999 -9999 -9999 -9999 -9999 -9999 -9999 -9999 -9999 33.9193 73.0562 112.418 151.624 190.344 228.319 265.356 301.301 336.02 369.386 401.289 431.647 460.429 487.664 513.452 537.97 561.454 584.197 606.515 628.727 598.983 575.507 598.928 622.573 646.509 670.709 695.018 719.124 742.508 764.418 783.888 799.829 811.202 817.209 817.43 811.865 800.882 785.105
-9999 -9999 -9999 -9999 -9999 -9999 -9999 -9999 -9999 -9999 -9999 -9999 34.0972 72.6174 111.349 149.911 187.965 225.221 261.459 296.495 330.181 362.401 393.073 422.167 449.704 475.771 500.513 524.133 546.872 568.999 590.791 612.507 598.88 572.593 595.667 618.906 642.322 665.83 689.222 712.141 734.057 754.259 771.896 786.057 795.905 800.793 800.394 794.696 783.981 768.743
-9999 -9999 -9999 -9999 -9999 -9999 -9999 -9999 -9999 -9999 -9999 -9999 34.8884 72.7461 110.787 148.633 185.936 222.395 257.759 291.827 324.441 355.498 384.943 412.782 439.086 463.981 487.65 510.314 532.222 553.621 574.763 595.867 598.734 569.127 591.705 614.384 637.134 659.817 682.181 703.842 724.273 742.817 758.725 771.23 779.649 783.484 782.432 776.502 765.908 751.066
-9999 -9999 -9999 -9999 -9999 -9999 -9999 -9999 -9999 -9999 -9999 -9999 36.4306 73.5787 110.872 147.934 184.416 220.001 254.423 287.472 318.979 348.86 377.082 403.681 428.763 452.493 475.076 496.751 517.763 538.356 558.751 579.136 1197.04 565.027 586.954 608.924 630.861 652.586 673.815 694.15 713.08 730.002 744.259 755.207 762.281 765.072 763.359 757.135 746.58 732.021
-9999 -9999 -9999 -9999 -9999 -9999 -9999 -9999 -9999 -9999 -9999 2.93156 38.8627 75.2546 111.746 147.962 183.554 218.197 251.617 283.593 313.971 342.665 369.669 395.041 418.922 441.499 462.996 483.663 503.745 523.474 543.049 562.634 582.336 560.195 581.324 602.434 623.415 644.054 664.045 682.988 700.397 715.722 728.39 737.856 743.655 745.451 743.07 736.506 725.906 711.544
-9999 -9999 -9999 -9999 -9999 -9999 -9999 -9999 -9999 -9999 -9999 7.12973 42.3202 77.9104 113.546 148.857 183.496 217.136 249.499 280.364 309.581 337.079 362.872 387.031 409.73 431.174 451.594 471.249 490.381 509.212 527.917 546.644 565.47 559.187 574.711 594.821 614.704 634.134 652.79 670.279 686.145 699.892 711.021 719.068 723.648 724.486 721.44 714.509 703.815 689.588
-9999 -9999 -9999 -9999 -9999 -9999 -9999 -9999 -9999 -9999 -9999 12.5215 46.9317 81.6748 116.402 150.753 184.38 216.959 248.214 277.929 305.961 332.253 356.83 379.801 401.339 421.665 441.027 459.677 477.852 495.768 513.569 531.398 549.306 558.914 567.001 585.978 604.631 622.739 639.971 655.952 670.257 682.443 692.075 698.758 702.17 702.085 698.388 691.078 680.264 666.386
-9999 -9999 -9999 -9999 -9999 -9999 -9999 -9999 -9999 -9999 -9999 19.2239 52.8138 86.6643 120.433 153.769 186.329 217.792 247.893 276.419 303.242 328.319 351.691 373.482 393.878 413.11 431.43 449.082 466.302 483.281 500.173 517.079 534.042 551.056 558.068 575.773 593.107 609.784 625.52 639.948 652.682 663.326 671.502 676.873 679.168 678.198 673.896 666.461 656.08 642.981
-9999 -9999 -9999 -9999 -9999 -9999 -9999 -9999 -9999 -9999 -9999 27.3394 60.0667 92.9785 125.74 158.007 189.444 219.741 248.641 275.945 301.536 325.387 347.556 368.178 387.449 405.606 422.902 439.568 455.836 471.885 487.851 503.821 519.825 535.831 547.778 564.118 580.01 595.203 609.378 622.227 633.39 642.519 649.284 653.418 654.805 653.339 648.992 641.816 631.94 619.558
-9999 -9999 -9999 -9999 -9999 -9999 -9999 -9999 -9999 -9999 5.54108 36.9496 68.7701 100.696 132.396 163.542 193.804 222.884 250.54 276.587 300.922 323.537 344.502 363.964 382.126 399.224 415.513 431.202 446.526 461.645 476.683 491.711 506.75 521.76 535.997 550.892 565.28 578.912 591.529 602.805 612.522 620.373 626.096 629.475 630.348 628.619 624.264 617.327 607.917 596.196
-9999 -9999 -9999 -9999 -9999 -9999 -9999 -9999 -9999 -9999 17.569 48.1119 78.9781 109.866 140.457 170.424 199.457 227.271 253.641 278.396 301.454 322.821 342.581 360.887 377.95 394.003 409.284 424.019 438.405 452.597 466.714 480.793 494.867 508.865 522.683 536.178 549.165 561.425 572.713 582.767 591.345 598.145 602.993 605.69 606.096 604.13 599.77 593.06 584.083 572.959
-9999 -9999 -9999 -9999 -9999 -9999 -9999 -9999 -9999 2.10115 31.2273 60.8547 90.7142 120.511 149.933 178.667 206.416 232.918 257.958 281.391 303.148 323.255 341.806 358.991 374.933 389.937 404.197 417.927 431.306 444.475 457.529 470.515 483.431 496.229 508.814 521.05 532.764 543.756 553.805 562.682 570.155 576.01 580.052 582.122 582.103 579.924 575.564 569.052 560.464 549.914
-9999 -9999 -9999 -9999 -9999 -9999 -9999 -9999 -9999 18.1193 46.3593 75.0032 103.785 132.415 160.591 188.013 214.4 239.507 263.137 285.165 305.542 324.301 341.548 357.449 372.207 386.052 399.184 411.8 424.088 436.164 448.111 459.969 471.728 483.339 494.711 505.716 516.196 525.97 534.842 542.607 549.065 554.028 557.327 558.825 558.419 556.047 551.689 545.368 537.145 527.117
-9999 -9999 -9999 -9999 -9999 -9999 -9999 -9999 7.62603 34.3471 61.6093 89.1768 116.787 144.158 170.998 197.029 221.971 245.615 267.781 288.364 307.334 324.739 340.692 355.36 368.943 381.651 393.695 405.247 416.471 427.479 438.343 449.095 459.722 470.176 480.37 490.188 499.487 508.105 515.867 522.594 528.109 532.249 534.867 535.843 535.086 532.541 528.189 522.045 514.161 504.618
-9999 -9999 -9999 -9999 -9999 -9999 -9999 -9999 24.5787 50.3371 76.5361 102.942 129.298 155.332 180.766 205.336 228.796 250.945 271.63 290.769 308.348 324.426 339.122 352.6 365.051 376.676 387.675 398.19 408.387 418.36 428.175 437.855 447.389 456.728 465.795 474.484 482.666 490.197 496.922 502.685 507.331 510.716 512.712 513.213 512.14 509.441 505.098 499.121 491.553 482.461
