Risk analysis/3D Model Exports/V3 - faulted anticlinal trap - 2 res (thick + thin)/ModelV3Export_isopachs_SecondaryReservoir.asc
ncols 50
nrows 50
xllcenter 20
yllcenter 20
cellsize 40
nodata_value -9999
-9999 -9999 -9999 -9999 -9999 14.6159 39.4015 65.1857 75.2602 76.2866 77.2232 78.0327 78.6766 79.1234 79.3323 79.2695 78.9042 78.2261 77.2402 75.9728 74.4717 72.8104 71.0438 69.2729 67.5627 65.9751 64.5482 63.3353 62.3274 61.5338 60.9446 60.5416 60.2999 60.1903 60.1812 60.2399 60.3348 60.4368 60.5206 60.5654 60.5555 60.4801 60.3333 60.1133 59.8216 59.4625 59.0423 58.5687 58.0501 57.4952
-9999 -9999 -9999 -9999 -9999 -9999 19.9049 46.456 73.9388 75.002 75.9779 76.8341 77.5301 78.0303 78.2976 78.2775 77.9871 77.3602 76.4154 75.1763 73.6896 72.0307 70.2562 68.4739 66.7541 65.151 63.7518 62.5581 61.5941 60.8623 60.3536 60.0482 59.9186 59.9319 60.0516 60.24 60.4599 60.6772 60.8621 61.0058 61.0456 61.0148 60.8937 60.6808 60.3797 59.9975 59.5441 59.0338 58.4719 57.8546
-9999 -9999 -9999 -9999 -9999 -9999 0.323663 27.5476 55.8013 73.5711 74.5652 75.4463 76.1735 76.7068 77.012 77.0508 76.79 76.2082 75.3053 74.1019 72.6427 71.0056 69.2402 67.4661 65.7549 64.1701 62.7921 61.6329 60.7207 60.0592 59.6392 59.4403 59.4331 59.5814 59.8441 60.1778 60.5393 60.8998 61.1905 61.4176 61.5483 61.5703 61.4784 61.2742 60.9638 60.5571 60.0661 59.504 58.8851 58.2226
-9999 -9999 -9999 -9999 -9999 -9999 -9999 9.11748 38.0517 67.9161 73.2423 74.1366 74.8812 75.4603 75.7599 75.8234 75.5907 75.0382 74.1627 72.9764 71.5413 69.9033 68.1454 66.3668 64.6467 63.0705 61.7058 60.5925 59.7392 59.1657 58.8125 58.7361 58.8563 59.1466 59.5618 60.0526 60.5698 61.0677 61.503 61.8415 62.0591 62.1416 62.0719 61.8833 61.5644 61.1295 60.5955 59.9802 59.3159 58.591
-9999 -9999 -9999 -9999 -9999 -9999 -9999 -9999 22.022 52.6011 72.0457 72.9473 73.7024 74.269 74.6091 74.6918 74.4799 73.9622 73.1202 71.9746 70.577 68.9763 67.254 65.5078 63.8196 62.267 60.915 59.8088 58.9716 58.4165 58.1204 58.0944 58.283 58.6112 59.2091 59.8677 60.5524 61.2108 61.7919 62.2407 62.5697 62.7205 62.7032 62.5233 62.1936 61.7313 61.1562 60.4886 59.7481 58.9514
-9999 -9999 -9999 -9999 -9999 -9999 -9999 -9999 7.77082 39.0129 70.8916 71.7886 72.5403 73.1056 73.4504 73.5375 73.332 72.8319 72.0174 70.9064 69.547 67.9883 66.3096 64.6054 62.9601 61.4678 60.1424 59.1012 58.3323 57.8554 57.67 57.7587 58.0863 56.4886 58.3247 59.2091 60.1344 61.0449 61.8813 62.581 63.0614 63.2953 63.3239 63.161 62.8228 62.3309 61.7099 60.9846 60.1796 59.3175
-9999 -9999 -9999 -9999 -9999 -9999 -9999 -9999 -9999 27.1156 59.9449 70.6679 71.4044 71.9525 72.2848 72.3633 72.1569 71.6636 70.8689 69.7891 68.4685 66.9563 65.3287 63.6757 62.0837 60.6388 59.3831 58.4012 57.7056 57.315 57.2333 57.4437 57.9128 51.5241 57.275 58.2887 59.3387 60.4046 61.3776 62.2143 62.8747 63.3363 63.5941 63.654 63.4367 62.9266 62.2581 61.4722 60.5977 59.6619
-9999 -9999 -9999 -9999 -9999 -9999 -9999 -9999 -9999 16.8426 50.3316 69.5879 70.299 70.8273 71.1261 71.1833 70.9647 70.4691 69.6874 68.6359 67.3552 65.8937 64.3243 62.7328 61.2025 59.8156 58.6347 57.7204 57.1027 56.8021 56.8251 57.1583 57.7726 43.9369 56.1416 57.2494 58.4465 59.6278 60.7309 61.6907 62.4576 63.0026 63.3172 63.4112 63.3071 63.0354 62.6257 61.9406 60.9959 59.9827
-9999 -9999 -9999 -9999 -9999 -9999 -9999 -9999 -9999 8.10246 42.2106 68.5473 69.2252 69.7224 69.9769 70.0029 69.7621 69.2565 68.4828 67.4576 66.2182 64.8117 63.3066 61.7839 60.3246 59.008 57.903 57.0642 56.5288 56.3146 56.4496 56.9053 43.6158 48.8694 54.9426 56.1375 57.4252 58.7192 59.9437 61.0242 61.9014 62.5375 62.9184 63.0519 62.962 62.6831 62.2535 61.7114 61.0922 60.2655
-9999 -9999 -9999 -9999 -9999 -9999 -9999 -9999 -9999 0.784661 35.4773 67.5463 68.1822 68.6352 68.841 68.825 68.5535 68.032 67.2625 66.2627 65.0666 63.7189 62.278 60.8359 59.4543 58.2128 57.1901 56.4318 55.9879 55.8659 56.1024 56.6795 27.7205 52.6248 53.6934 54.9458 56.3031 57.6912 59.0251 60.2223 61.2125 61.9474 62.4045 62.5988 62.5264 62.2414 61.7959 61.2262 60.5695 59.8519
-9999 -9999 -9999 -9999 -9999 -9999 -9999 -9999 -9999 -9999 30.0018 66.2249 67.1683 67.5669 67.7183 67.6511 67.3419 66.8 66.033 65.0591 63.9086 62.6231 61.2589 59.8926 58.5924 57.4346 56.4911 55.815 55.4511 55.4306 55.7706 56.4668 11.0169 51.3235 52.4066 53.6879 55.0963 56.5594 57.99 59.2987 60.4044 61.2457 61.7903 62.0341 61.9987 61.7248 61.2615 60.6586 59.96 59.2131
-9999 -9999 -9999 -9999 -9999 -9999 -9999 -9999 -9999 -9999 25.6551 62.452 66.1825 66.5183 66.6087 66.4826 66.1307 65.5649 64.8002 63.8502 62.7519 61.539 60.244 58.9559 57.7427 56.6604 55.7953 55.1991 54.914 54.9903 55.4327 54.1777 -9999 50.0143 51.0929 52.382 53.8217 55.3422 56.8571 58.2721 59.4954 60.4523 61.0958 61.4089 61.4116 61.1482 60.6731 60.0417 59.3053 58.5104
-9999 -9999 -9999 -9999 -9999 -9999 -9999 -9999 -9999 -9999 22.2984 59.6309 65.2243 65.4904 65.5129 65.3211 64.9206 64.3306 63.5699 62.6531 61.6044 60.4544 59.2386 58.027 56.8859 55.881 55.0874 54.5639 54.3591 54.5197 55.0608 37.6777 0.691548 48.7032 49.7621 51.0429 52.497 54.0592 55.6466 57.1629 58.5297 59.5893 60.3405 60.7313 60.7698 60.5254 60.0404 59.3805 58.605 57.7657
-9999 -9999 -9999 -9999 -9999 -9999 -9999 -9999 -9999 -9999 19.7918 57.6226 64.2949 64.4852 64.4325 64.1686 63.7134 63.1013 62.3539 61.468 60.4743 59.3895 58.2482 57.1065 56.0294 55.0858 54.3496 53.8926 53.7496 53.9886 54.6255 21.2636 1.97249 47.3963 48.4234 49.6851 51.1397 52.7295 54.3784 55.9911 57.4591 58.676 59.545 60.0198 60.1139 59.8789 59.3819 58.6953 57.8791 56.991
-9999 -9999 -9999 -9999 -9999 -9999 -9999 -9999 -9999 -9999 17.9978 56.2907 63.397 63.5043 63.3705 63.0277 62.5182 61.8807 61.1432 60.3033 59.3706 58.3535 57.2791 56.1963 55.1667 54.2638 53.5637 53.1401 53.0566 53.3683 54.1005 5.2975 3.18779 46.101 47.0887 48.3233 49.7671 51.3716 53.0703 54.7736 56.3697 57.7296 58.72 59.2945 59.4364 59.2126 58.7034 57.9855 57.1258 56.1877
-9999 -9999 -9999 -9999 -9999 -9999 -9999 -9999 -9999 -9999 16.7851 55.5062 62.5342 62.5578 62.3312 61.9018 61.3323 60.6741 59.956 59.1687 58.3027 57.353 56.3379 55.3006 54.2965 53.4065 52.7135 52.3042 52.2575 52.6352 52.8479 -9999 3.8354 44.8261 45.7726 46.9733 48.3966 50.0021 51.7369 53.5228 55.2492 56.7627 57.8999 58.5641 58.7513 58.5342 58.0081 57.2574 56.352 55.3589
-9999 -9999 -9999 -9999 -9999 -9999 -9999 -9999 -9999 -9999 16.0318 55.1465 61.7156 61.649 61.3205 60.7964 60.1597 59.4841 58.796 58.0733 57.2817 56.3982 55.4325 54.4195 53.4185 52.5086 51.789 51.3615 51.3329 51.7747 39.0431 -9999 4.2358 43.5825 44.4872 45.6519 47.0456 48.637 50.3901 52.2457 54.1016 55.7635 57.0716 57.8339 58.0582 57.8388 57.2925 56.509 55.5562 54.5048
-9999 -9999 -9999 -9999 -9999 -9999 -9999 -9999 -9999 -9999 15.6276 55.1036 60.9477 60.7865 60.3463 59.7121 59.0031 58.3132 57.6694 57.0275 56.3197 55.4988 54.5708 53.5652 52.5387 51.5712 50.78 50.3024 50.272 50.7806 26.5097 -9999 4.45372 42.3828 43.2493 44.3775 45.7331 47.2923 49.0397 50.976 52.9242 54.7759 56.2377 57.096 57.3414 57.1084 56.5432 55.7329 54.7334 53.6196
-9999 -9999 -9999 -9999 -9999 -9999 -9999 -9999 -9999 -9999 15.4758 55.2814 60.2415 59.9821 59.4181 58.6595 57.8634 57.1624 56.583 56.0366 55.4259 54.664 53.7601 52.7456 51.6668 50.6041 49.6934 49.1234 49.0715 49.6545 15.4838 -9999 4.54292 41.2424 42.0772 43.1706 44.4799 45.986 47.6969 49.6488 51.7081 53.7487 55.3843 56.3255 56.5653 56.3087 55.7381 54.9183 53.8759 52.6944
-9999 -9999 -9999 -9999 -9999 -9999 -9999 -9999 -9999 -9999 15.4942 55.5972 59.6061 59.2496 58.5502 57.6459 56.7416 56.0313 55.5436 55.1344 54.616 53.902 53.0059 51.9683 50.8192 49.6177 48.5387 47.829 47.7359 48.4039 6.1832 -9999 4.5449 40.1795 40.9918 42.0547 43.3106 44.7412 46.3778 48.3047 50.4422 52.6678 54.4827 55.4729 55.6678 55.3915 54.8554 54.0582 52.9758 51.7169
-9999 -9999 -9999 -9999 -9999 -9999 -9999 -9999 -9999 -9999 15.6155 55.9812 59.0557 58.6048 57.7615 56.6855 55.6413 54.9171 54.5603 54.321 53.9055 53.2199 52.3122 51.2414 50.0178 48.6579 47.336 46.4352 46.283 47.0442 -9999 -9999 4.48807 39.2165 40.017 41.0556 42.2539 43.5884 45.1105 46.9285 49.1221 51.517 53.4885 54.4521 54.5563 54.2955 53.8766 53.1674 52.0286 50.674
-9999 -9999 -9999 -9999 -9999 -9999 -9999 -9999 -9999 -9999 15.7868 56.3758 58.6021 58.0618 57.078 55.8038 54.5712 53.816 53.648 53.629 53.3109 52.6252 51.6818 50.5688 49.2867 47.7473 46.1187 44.9764 44.7566 45.6247 -9999 -9999 4.38856 38.3804 39.1798 40.2017 41.3423 42.5672 43.9407 45.6163 47.7649 50.2918 52.3492 53.1277 53.1395 53.0093 52.8591 52.2813 51.0334 49.5577
-9999 -9999 -9999 -9999 -9999 -9999 -9999 -9999 -9999 -9999 15.9691 56.7347 58.2539 57.6419 56.5306 55.0487 53.5599 52.7215 52.8356 53.092 52.8474 52.1309 51.1249 49.9519 48.6383 46.9551 44.9299 43.5215 43.2554 44.1965 -9999 -9999 4.25316 37.7038 38.5097 39.5221 40.6106 41.7261 42.9359 44.4205 46.433 49.0327 51.0437 51.3073 51.3897 51.6139 51.9317 51.4923 49.9885 48.3894
-9999 -9999 -9999 -9999 -9999 -9999 -9999 -9999 -9999 -9999 16.1355 57.0219 58.0171 57.3555 56.1487 54.4868 52.6871 51.6576 52.1844 52.7416 52.5234 51.7617 50.6762 49.4121 48.0733 46.3505 43.8226 42.2147 41.9714 42.9406 -9999 -9999 4.08355 37.2217 38.0363 39.0439 40.0919 41.117 42.1816 43.4689 45.2653 47.8571 49.7133 48.8345 49.4939 50.3774 51.3298 50.8601 48.9159 47.2855
-9999 -9999 -9999 -9999 -9999 -9999 -9999 -9999 -9999 -9999 16.2696 57.2126 57.8944 57.2081 55.9516 54.1869 52.1349 50.7558 51.8085 52.5795 52.3468 51.5574 50.4155 49.0546 47.6138 46.0133 42.9275 41.3563 41.1958 42.1749 -9999 -9999 3.87991 36.9662 37.7848 38.7887 39.813 40.7853 41.7623 42.9183 44.5317 47.0089 48.9125 46.425 47.9938 49.7134 51.168 50.4051 48.0477 46.543
-9999 -9999 -9999 -9999 -9999 -9999 -9999 -9999 -9999 -9999 16.3643 57.2944 57.8864 57.2003 55.9445 54.1806 52.1297 50.7515 51.804 52.5751 52.3432 51.5546 50.4136 49.0536 47.6135 46.0152 42.9301 41.3544 41.1891 42.1613 -9999 -9999 3.64195 36.9564 37.7699 38.7687 39.7886 40.7577 41.732 42.8849 44.4934 46.9631 48.9185 46.3914 47.9199 49.6824 51.1169 50.3285 47.9978 46.5215
-9999 -9999 -9999 -9999 -9999 -9999 -9999 -9999 -9999 -9999 16.4205 57.2682 57.9931 57.3324 56.1274 54.4681 52.6717 51.6446 52.1712 52.7286 52.5123 51.7532 50.6703 49.4086 48.0718 46.3543 43.8276 42.209 41.9506 42.898 -9999 -9999 3.36879 37.1919 37.9914 38.9839 40.0188 41.0336 42.0891 43.3658 45.1467 47.7293 49.6824 48.7703 49.346 50.2762 51.206 50.6958 48.795 47.228
-9999 -9999 -9999 -9999 -9999 -9999 -9999 -9999 -9999 -9999 16.4471 57.1483 58.214 57.6035 56.4951 55.0177 53.534 52.6991 52.8138 53.0708 52.829 52.1163 51.1143 49.9449 48.635 46.9572 44.9317 43.5093 43.2193 44.125 -9999 -9999 3.05996 37.6525 38.4345 39.4224 40.4888 41.5856 42.7778 44.2418 46.229 48.8244 50.9216 51.2036 51.2355 51.484 51.7882 51.3231 49.8513 48.3163
-9999 -9999 -9999 -9999 -9999 -9999 -9999 -9999 -9999 -9999 16.462 56.961 58.5464 58.0082 57.0285 55.7603 54.5341 53.7836 53.6174 53.6 53.2854 52.6045 51.666 50.5576 49.2801 47.7447 46.1133 44.9545 44.7043 45.527 -9999 -9999 2.71704 38.3064 39.0741 40.063 41.1724 42.3688 43.7144 45.3592 47.4753 49.9989 52.1268 52.97 53.0009 52.8878 52.7349 52.148 50.9206 49.4938
-9999 -9999 -9999 -9999 -9999 -9999 -9999 -9999 -9999 -9999 16.4936 56.7438 58.9844 58.536 57.6979 56.6291 55.5924 54.8739 54.5205 54.2841 53.873 53.1929 52.291 51.2256 50.0065 48.6486 47.3213 46.4018 46.215 46.923 0.914074 -9999 2.34258 39.1185 39.8808 40.8788 42.0371 43.3331 44.8171 46.5955 48.7535 51.1471 53.1827 54.2384 54.4115 54.1905 53.788 53.0776 51.9593 50.6384
-9999 -9999 -9999 -9999 -9999 -9999 -9999 -9999 -9999 -9999 16.5825 56.5446 59.5192 59.1657 58.4722 57.5759 56.6802 55.9769 55.4943 55.0896 54.5766 53.8688 52.9793 51.9473 50.8023 49.6008 48.5141 47.7839 47.654 48.266 8.83824 -9999 1.93587 40.0572 40.8257 41.8413 43.0492 44.4324 46.0222 47.8766 50.0076 52.2367 54.1189 55.2156 55.5103 55.3028 54.8034 54.0229 52.956 51.7203
-9999 -9999 -9999 -9999 -9999 -9999 -9999 -9999 -9999 -9999 16.7825 56.4224 60.1392 59.8831 59.3257 58.5755 57.7889 57.0963 56.5237 55.988 55.3795 54.6247 53.7282 52.7194 51.644 50.5799 49.6596 49.0679 48.9783 49.505 18.5574 -9999 1.48759 41.0961 41.8826 42.9231 44.1775 45.6289 47.2874 49.166 51.2242 53.2703 54.9877 56.0438 56.4009 56.234 55.7189 54.9291 53.9051 52.7412
-9999 -9999 -9999 -9999 -9999 -9999 -9999 -9999 -9999 -9999 17.162 56.4478 60.83 60.6723 60.2387 59.6138 58.9149 58.2347 57.5996 56.9657 56.2662 55.4534 54.5333 53.5338 52.5103 51.5405 50.7386 50.2386 50.1708 50.6242 29.9548 -9999 1.01599 42.2137 43.0281 44.0988 45.3943 46.894 48.5869 50.4499 52.4089 54.2702 55.8296 56.8085 57.1803 57.0507 56.5552 55.7856 54.8089 53.7104
-9999 -9999 -9999 -9999 -9999 -9999 -9999 -9999 -9999 -9999 17.8041 56.7044 61.5827 61.5195 61.1979 60.6834 60.0574 59.3928 58.7151 58.0023 57.2205 56.3467 55.3898 54.3837 53.3855 52.4728 51.7422 51.2924 51.2273 51.6159 42.8049 -9999 0.61834 43.3926 44.2418 45.346 46.6761 48.2059 49.9053 51.7248 53.5714 55.2883 56.6684 57.5556 57.9105 57.8019 57.3348 56.6 55.6742 54.6375
-9999 -9999 -9999 -9999 -9999 -9999 -9999 -9999 -9999 -9999 18.8059 57.2881 62.3876 62.4133 62.1933 61.7736 61.2157 60.5695 59.8635 59.088 58.2337 57.2954 56.2903 55.2606 54.2598 53.3674 52.6638 52.2331 52.1515 52.4785 53.2536 -9999 -9999 44.6185 45.5073 46.6447 48.0026 49.5467 51.2315 52.9894 54.7181 56.2811 57.5075 58.3056 58.6245 58.5213 58.0796 57.3831 56.5084 55.5311
-9999 -9999 -9999 -9999 -9999 -9999 -9999 -9999 -9999 -9999 20.2781 58.3099 63.2352 63.3449 63.2176 62.8846 62.387 61.7625 61.0388 60.2126 59.2935 58.2895 57.2265 56.1526 55.1276 54.2233 53.5136 53.071 52.9542 53.2178 53.8856 10.1365 -9999 45.8792 46.8083 47.9773 49.3555 50.9004 52.5546 54.2392 55.8521 57.2685 58.3673 59.0623 59.3347 59.225 58.8025 58.1414 57.3162 56.3939
-9999 -9999 -9999 -9999 -9999 -9999 -9999 -9999 -9999 -9999 22.3428 59.89 64.1195 64.3117 64.265 64.0105 63.5675 62.9695 62.2375 61.3667 60.3887 59.3188 58.1908 57.0596 55.9889 55.0452 54.3013 53.8276 53.6534 53.8482 54.4249 26.2636 -9999 47.1646 48.1304 49.3275 50.7175 52.2512 53.862 55.4652 56.9595 58.2419 59.2152 59.8173 60.0353 59.9158 59.5064 58.8769 58.095 57.2254
-9999 -9999 -9999 -9999 -9999 -9999 -9999 -9999 -9999 -9999 25.131 62.1582 65.0361 65.3031 65.3314 65.1487 64.7606 64.1852 63.4407 62.5409 61.5098 60.3771 59.1762 57.977 56.8444 55.8414 55.0424 54.5037 54.2719 54.3923 54.8777 42.7751 -9999 48.4662 49.4622 50.6798 52.0714 53.5817 55.138 56.6534 58.0331 59.1867 60.0431 60.5572 60.7274 60.5717 60.1757 59.5782 58.8488 58.0283
-9999 -9999 -9999 -9999 -9999 -9999 -9999 -9999 -9999 -9999 28.7799 65.2505 65.9823 66.318 66.414 66.2964 65.9558 65.4061 64.6586 63.7269 62.6481 61.4463 60.1762 58.9028 57.7008 56.6222 55.7543 55.1461 54.8424 54.8775 55.2688 56.0245 -9999 49.7768 50.7929 52.0198 53.3998 54.8733 56.3638 57.7854 59.0514 60.0846 60.8318 61.2628 61.3837 61.2245 60.8323 60.26 59.5615 58.7897
-9999 -9999 -9999 -9999 -9999 -9999 -9999 -9999 -9999 -9999 33.4291 66.374 66.9573 67.3545 67.5113 67.4519 67.1547 66.6283 65.8793 64.925 63.7953 62.5304 61.1851 59.8359 58.5484 57.3974 56.4541 55.7689 55.3849 55.3323 55.6264 56.262 16.7803 51.0902 52.1122 53.3325 54.6851 56.1064 57.5188 58.8403 59.9929 60.9127 61.5579 61.9134 61.9902 61.8153 61.4306 60.886 60.2324 59.4941
-9999 -9999 -9999 -9999 -9999 -9999 -9999 -9999 -9999 4.86623 39.2165 67.3304 67.9614 68.4115 68.6229 68.6137 68.354 67.8479 67.0969 66.1178 64.9436 63.6181 62.1977 60.775 59.4083 58.1756 57.1554 56.3917 55.9343 55.7803 55.9766 56.4989 33.4176 47.7371 53.4099 54.6008 55.9095 57.2609 58.5821 59.7965 60.8357 61.6476 62.2017 62.4905 62.5271 62.3598 61.9662 61.4476 60.8257 60.1394
-9999 -9999 -9999 -9999 -9999 -9999 -9999 -9999 -9999 12.5223 46.2701 68.3235 68.9957 69.488 69.7489 69.7807 69.5512 69.061 68.3059 67.302 66.0856 64.7026 63.2201 61.718 60.2755 58.9703 57.8705 57.0284 56.4799 56.2398 56.3397 56.7463 49.4941 42.6756 54.6746 55.8091 57.0552 58.3178 59.5342 60.6348 61.5607 62.2704 62.7418 62.9729 62.9783 62.7844 62.4247 61.9354 61.3483 60.4529
-9999 -9999 -9999 -9999 -9999 -9999 -9999 -9999 -9999 21.6083 54.7193 69.3572 70.0617 70.5826 70.8883 70.9512 70.7433 70.263 69.5 68.4702 67.2132 65.7761 64.2305 62.6609 61.1491 59.7771 58.601 57.6863 57.0585 56.737 56.7279 57.0175 57.5952 44.076 55.8928 56.9621 58.0965 59.2603 60.3592 61.3402 62.1539 62.7671 63.1644 63.3468 63.329 63.1349 62.7679 62.0614 61.1459 60.1517
-9999 -9999 -9999 -9999 -9999 -9999 -9999 -9999 0.740762 32.2333 64.6672 70.4309 71.1601 71.7053 72.0376 72.1221 71.9261 71.4478 70.6717 69.6136 68.3172 66.83 65.227 63.597 62.0246 60.5964 59.3462 58.3665 57.6632 57.2549 57.1452 57.3174 57.7393 51.5553 57.0477 58.0162 59.0447 60.0675 61.0466 61.9045 62.6082 63.1313 63.4629 63.5835 63.3935 62.9374 62.323 61.5793 60.7355 59.8198
-9999 -9999 -9999 -9999 -9999 -9999 -9999 -9999 13.6291 44.4872 70.6589 71.5456 72.2894 72.8503 73.1961 73.2881 73.0926 72.6071 71.8111 70.7218 69.3867 67.8534 66.1996 64.519 62.8941 61.4022 60.1002 59.0633 58.2889 57.7967 57.5865 57.6434 57.9302 56.4145 58.1234 58.9655 59.8606 60.7541 61.5723 62.2929 62.7856 63.0625 63.1504 63.051 62.7753 62.3407 61.7685 61.0825 60.3063 59.4637
-9999 -9999 -9999 -9999 -9999 -9999 -9999 -9999 28.2565 58.435 71.808 72.6981 73.4446 74.0062 74.347 74.4348 74.2324 73.7291 72.9051 71.7812 70.408 68.8326 67.1353 65.413 63.7456 62.2092 60.8678 59.7656 58.9248 58.3634 58.0381 57.9869 58.1416 58.4542 59.0093 59.6411 60.2872 60.9293 61.5086 61.9854 62.3127 62.5213 62.556 62.43 62.1542 61.7423 61.2112 60.5737 59.8566 59.0971
-9999 -9999 -9999 -9999 -9999 -9999 -9999 16.1163 44.6632 72.0092 72.9979 73.8801 74.6156 75.175 75.49 75.5586 75.3357 74.7968 73.9394 72.7746 71.3636 69.7507 68.0177 66.2341 64.5639 63.0054 61.6537 60.5469 59.693 59.0968 58.7532 58.645 58.7384 58.9987 59.3836 59.8473 60.3631 60.8288 61.2645 61.6163 61.8593 61.9773 61.9629 61.8158 61.5418 61.1516 60.6585 60.0782 59.4269 58.7219
-9999 -9999 -9999 -9999 -9999 -9999 8.09328 34.944 62.7937 73.3266 74.3057 75.1742 75.8921 76.4208 76.7272 76.7716 76.5204 75.9532 75.069 73.8876 72.4529 70.8408 69.1018 67.3521 65.6625 64.0939 62.7205 61.5785 60.6671 60.0001 59.5683 59.352 59.3233 59.4478 59.6869 60 60.3465 60.6884 61.002 61.2323 61.3846 61.4368 61.381 61.2158 60.9448 60.5756 60.1183 59.5854 58.9921 58.3548
-9999 -9999 -9999 -9999 -9999 3.00469 28.1005 54.2621 73.6984 74.7389 75.6994 76.5429 77.2483 77.7271 77.9956 77.9927 77.7016 77.09 76.1646 74.9481 73.4862 71.8518 70.1047 68.3468 66.6488 65.0768 63.6765 62.493 61.5313 60.7965 60.2794 59.961 59.8151 59.8104 59.9126 60.086 60.2959 60.5096 60.6986 60.8393 60.9366 60.9213 60.8239 60.6416 60.3755 60.0293 59.6092 59.1056 58.56 57.9698
-9999 -9999 -9999 -9999 0.298635 23.6051 48.0166 73.3953 74.992 76.0007 76.9217 77.7185 78.3551 78.799 79.0101 78.9527 78.6 77.9382 76.9725 75.7284 74.2527 72.6156 70.8771 69.1307 67.4426 65.8734 64.4589 63.2567 62.2539 61.4598 60.8656 60.4538 60.2007 60.0786 60.0573 60.1061 60.195 60.2963 60.3854 60.4418 60.4493 60.3963 60.2755 60.0835 59.8203 59.4887 59.0939 58.6426 58.1427 57.603
